# vtk DataFile Version 3.0
VTK Output
ASCII
DATASET UNSTRUCTURED_GRID

POINTS 184 float
0  0  0
18   0   0
18  48   0
0  48   0
6           0           0
12            0            0
18      1.90067            0
18      3.74598            0
18      5.53754            0
18      7.27692            0
18      8.96564            0
18      10.6052            0
18       12.197            0
18      13.7424            0
18      15.2428            0
18      16.6995            0
18      18.1138            0
18      19.4868            0
18      20.8199            0
18      22.1142            0
18      23.3708            0
18      24.5907            0
18      25.7752            0
18      26.9251            0
18      28.0415            0
18      29.1255            0
18      30.1778            0
18      31.1995            0
18      32.1915            0
18      33.1545            0
18      34.0895            0
18      34.9973            0
18      35.8786            0
18      36.7343            0
18       37.565            0
18      38.3716            0
18      39.1546            0
18      39.9149            0
18       40.653            0
18      41.3696            0
18      42.0653            0
18      42.7407            0
18      43.3965            0
18      44.0332            0
18      44.6514            0
18      45.2515            0
18      45.8342            0
18      46.3999            0
18      46.9491            0
18      47.4823            0
12           48            0
6           48            0
0      47.4823            0
0      46.9491            0
0      46.3999            0
0      45.8342            0
0      45.2515            0
0      44.6514            0
0      44.0332            0
0      43.3965            0
0      42.7407            0
0      42.0653            0
0      41.3696            0
0       40.653            0
0      39.9149            0
0      39.1546            0
0      38.3716            0
0       37.565            0
0      36.7343            0
0      35.8786            0
0      34.9973            0
0      34.0895            0
0      33.1545            0
0      32.1915            0
0      31.1995            0
0      30.1778            0
0      29.1255            0
0      28.0415            0
0      26.9251            0
0      25.7752            0
0      24.5907            0
0      23.3708            0
0      22.1142            0
0      20.8199            0
0      19.4868            0
0      18.1138            0
0      16.6995            0
0      15.2428            0
0      13.7424            0
0       12.197            0
0      10.6052            0
0      8.9656           0
0      7.2769           0
0      5.5375           0
0       3.746           0
0      1.9007           0
6      1.9007           0
6       3.746           0
6      5.5375           0
6      7.2769           0
6      8.9656           0
6      10.6052            0
6       12.197            0
6      13.7424            0
6      15.2428            0
6      16.6995            0
6      18.1138            0
6      19.4868            0
6      20.8199            0
6      22.1142            0
6      23.3708            0
6      24.5907            0
6      25.7752            0
6      26.9251            0
6      28.0415            0
6      29.1255            0
6      30.1778            0
6      31.1995            0
6      32.1915            0
6      33.1545            0
6      34.0895            0
6      34.9973            0
6      35.8786            0
6      36.7343            0
6       37.565            0
6      38.3716            0
6      39.1546            0
6      39.9149            0
6       40.653            0
6      41.3696            0
6      42.0653            0
6      42.7407            0
6      43.3965            0
6      44.0332            0
6      44.6514            0
6      45.2515            0
6      45.8342            0
6      46.3999            0
6      46.9491            0
6      47.4823            0
12      1.90067            0
12      3.74598            0
12      5.53754            0
12      7.27692            0
12      8.96564            0
12      10.6052            0
12       12.197            0
12      13.7424            0
12      15.2428            0
12      16.6995            0
12      18.1138            0
12      19.4868            0
12      20.8199            0
12      22.1142            0
12      23.3708            0
12      24.5907            0
12      25.7752            0
12      26.9251            0
12      28.0415            0
12      29.1255            0
12      30.1778            0
12      31.1995            0
12      32.1915            0
12      33.1545            0
12      34.0895            0
12      34.9973            0
12      35.8786            0
12      36.7343            0
12       37.565            0
12      38.3716            0
12      39.1546            0
12      39.9149            0
12       40.653            0
12      41.3696            0
12      42.0653            0
12      42.7407            0
12      43.3965            0
12      44.0332            0
12      44.6514            0
12      45.2515            0
12      45.8342            0
12      46.3999            0
12      46.9491            0
12      47.4823            0

CELLS 135 675
4 0   4  96  95
4 95  96  97  94
4 94  97  98  93
4 93  98  99  92
4 92   99  100   91
4 91  100  101   90
4 90  101  102   89
4 89  102  103   88
4 88  103  104   87
4 87  104  105   86
4 86  105  106   85
4 85  106  107   84
4 84  107  108   83
4 83  108  109   82
4 82  109  110   81
4 81  110  111   80
4 80  111  112   79
4 79  112  113   78
4 78  113  114   77
4 77  114  115   76
4 76  115  116   75
4 75  116  117   74
4 74  117  118   73
4 73  118  119   72
4 72  119  120   71
4 71  120  121   70
4 70  121  122   69
4 69  122  123   68
4 68  123  124   67
4 67  124  125   66
4 66  125  126   65
4 65  126  127   64
4 64  127  128   63
4 63  128  129   62
4 62  129  130   61
4 61  130  131   60
4 60  131  132   59
4 59  132  133   58
4 58  133  134   57
4 57  134  135   56
4 56  135  136   55
4 55  136  137   54
4 54  137  138   53
4 53  138  139   52
4 52  139   51    3
4 4    5  140   96
4 96  140  141   97
4 97  141  142   98
4 98  142  143   99
4 99  143  144  100
4 100  144  145  101
4 101  145  146  102
4 102  146  147  103
4 103  147  148  104
4 104  148  149  105
4 105  149  150  106
4 106  150  151  107
4 107  151  152  108
4 108  152  153  109
4 109  153  154  110
4 110  154  155  111
4 111  155  156  112
4 112  156  157  113
4 113  157  158  114
4 114  158  159  115
4 115  159  160  116
4 116  160  161  117
4 117  161  162  118
4 118  162  163  119
4 119  163  164  120
4 120  164  165  121
4 121  165  166  122
4 122  166  167  123
4 123  167  168  124
4 124  168  169  125
4 125  169  170  126
4 126  170  171  127
4 127  171  172  128
4 128  172  173  129
4 129  173  174  130
4 130  174  175  131
4 131  175  176  132
4 132  176  177  133
4 133  177  178  134
4 134  178  179  135
4 135  179  180  136
4 136  180  181  137
4 137  181  182  138
4 138  182  183  139
4 139  183   50   51
4 5    1    6  140
4 140    6    7  141
4 141    7    8  142
4 142    8    9  143
4 143    9   10  144
4 144   10   11  145
4 145   11   12  146
4 146   12   13  147
4 147   13   14  148
4 148   14   15  149
4 149   15   16  150
4 150   16   17  151
4 151   17   18  152
4 152   18   19  153
4 153   19   20  154
4 154   20   21  155
4 155   21   22  156
4 156   22   23  157
4 157   23   24  158
4 158   24   25  159
4 159   25   26  160
4 160   26   27  161
4 161   27   28  162
4 162   28   29  163
4 163   29   30  164
4 164   30   31  165
4 165   31   32  166
4 166   32   33  167
4 167   33   34  168
4 168   34   35  169
4 169   35   36  170
4 170   36   37  171
4 171   37   38  172
4 172   38   39  173
4 173   39   40  174
4 174   40   41  175
4 175   41   42  176
4 176   42   43  177
4 177   43   44  178
4 178   44   45  179
4 179   45   46  180
4 180   46   47  181
4 181   47   48  182
4 182   48   49  183
4 183   49    2   50

CELL_TYPES 135
9
9
9
9
9
9
9
9
9
9
9
9
9
9
9
9
9
9
9
9
9
9
9
9
9
9
9
9
9
9
9
9
9
9
9
9
9
9
9
9
9
9
9
9
9
9
9
9
9
9
9
9
9
9
9
9
9
9
9
9
9
9
9
9
9
9
9
9
9
9
9
9
9
9
9
9
9
9
9
9
9
9
9
9
9
9
9
9
9
9
9
9
9
9
9
9
9
9
9
9
9
9
9
9
9
9
9
9
9
9
9
9
9
9
9
9
9
9
9
9
9
9
9
9
9
9
9
9
9
9
9
9
9
9
9

POINT_DATA 184
VECTORS displacement double
0  0  0
0  0  0
0  0  0
0  0  0
0  0  0
0  0  0
0  0  0
0  0  0
0  0  0
0  0  0
0  0  0
0  0  0
0  0  0
0  0  0
0  0  0
0  0  0
0  0  0
0  0  0
0  0  0
0  0  0
0  0  0
0  0  0
0  0  0
0  0  0
0  0  0
0  0  0
0  0  0
0  0  0
0  0  0
0  0  0
0  0  0
0  0  0
0  0  0
0  0  0
0  0  0
0  0  0
0  0  0
0  0  0
0  0  0
0  0  0
0  0  0
0  0  0
0  0  0
0  0  0
0  0  0
0  0  0
0  0  0
0  0  0
0  0  0
0  0  0
0  0  0
0  0  0
0  0  0
0  0  0
0  0  0
0  0  0
0  0  0
0  0  0
0  0  0
0  0  0
0  0  0
0  0  0
0  0  0
0  0  0
0  0  0
0  0  0
0  0  0
0  0  0
0  0  0
0  0  0
0  0  0
0  0  0
0  0  0
0  0  0
0  0  0
0  0  0
0  0  0
0  0  0
0  0  0
0  0  0
0  0  0
0  0  0
0  0  0
0  0  0
0  0  0
0  0  0
0  0  0
0  0  0
0  0  0
0  0  0
0  0  0
0  0  0
0  0  0
0  0  0
0  0  0
0  0  0
0  0  0
0  0  0
0  0  0
0  0  0
0  0  0
0  0  0
0  0  0
0  0  0
0  0  0
0  0  0
0  0  0
0  0  0
0  0  0
0  0  0
0  0  0
0  0  0
0  0  0
0  0  0
0  0  0
0  0  0
0  0  0
0  0  0
0  0  0
0  0  0
0  0  0
0  0  0
0  0  0
0  0  0
0  0  0
0  0  0
0  0  0
0  0  0
0  0  0
0  0  0
0  0  0
0  0  0
0  0  0
0  0  0
0  0  0
0  0  0
0  0  0
0  0  0
0  0  0
0  0  0
0  0  0
0  0  0
0  0  0
0  0  0
0  0  0
0  0  0
0  0  0
0  0  0
0  0  0
0  0  0
0  0  0
0  0  0
0  0  0
0  0  0
0  0  0
0  0  0
0  0  0
0  0  0
0  0  0
0  0  0
0  0  0
0  0  0
0  0  0
0  0  0
0  0  0
0  0  0
0  0  0
0  0  0
0  0  0
0  0  0
0  0  0
0  0  0
0  0  0
0  0  0
0  0  0
0  0  0
0  0  0
0  0  0
0  0  0
0  0  0
0  0  0
0  0  0
0  0  0
0  0  0
