# vtk DataFile Version 3.0
VTK Output
ASCII
DATASET UNSTRUCTURED_GRID

POINTS 1025 float
-0.5        -0.5           0
0.5        -0.5           0
0.5         0.5           0
-0.5         0.5           0
-0.5         -0.5           10
0.5         -0.5           10
0.5          0.5           10
-0.5          0.5           10
-0.25        -0.5           0
-1.3751e-12        -0.5           0
0.25        -0.5           0
0.5       -0.25           0
0.5 -1.3751e-12           0
0.5        0.25           0
0.25         0.5           0
1.3751e-12         0.5           0
-0.25         0.5           0
-0.5        0.25           0
-0.5  1.3751e-12           0
-0.5       -0.25           0
-0.25         -0.5           10
-1.37512e-12         -0.5           10
0.25         -0.5           10
0.5        -0.25           10
0.5 -1.37512e-12           10
0.5         0.25           10
0.25          0.5           10
1.37512e-12          0.5           10
-0.25          0.5           10
-0.5         0.25           10
-0.5  1.37512e-12           10
-0.5        -0.25           10
-0.5        -0.5        0.25
-0.5        -0.5         0.5
-0.5        -0.5        0.75
-0.5        -0.5           1
-0.5        -0.5        1.25
-0.5        -0.5         1.5
-0.5        -0.5        1.75
-0.5        -0.5           2
-0.5        -0.5        2.25
-0.5        -0.5         2.5
-0.5        -0.5        2.75
-0.5        -0.5           3
-0.5        -0.5        3.25
-0.5        -0.5         3.5
-0.5        -0.5        3.75
-0.5        -0.5           4
-0.5        -0.5        4.25
-0.5        -0.5         4.5
-0.5        -0.5        4.75
-0.5        -0.5           5
-0.5        -0.5        5.25
-0.5        -0.5         5.5
-0.5        -0.5        5.75
-0.5        -0.5           6
-0.5        -0.5        6.25
-0.5        -0.5         6.5
-0.5        -0.5        6.75
-0.5        -0.5           7
-0.5        -0.5        7.25
-0.5        -0.5         7.5
-0.5        -0.5        7.75
-0.5        -0.5           8
-0.5        -0.5        8.25
-0.5        -0.5         8.5
-0.5        -0.5        8.75
-0.5        -0.5           9
-0.5        -0.5        9.25
-0.5        -0.5         9.5
-0.5        -0.5        9.75
0.5        -0.5        0.25
0.5        -0.5         0.5
0.5        -0.5        0.75
0.5        -0.5           1
0.5        -0.5        1.25
0.5        -0.5         1.5
0.5        -0.5        1.75
0.5        -0.5           2
0.5        -0.5        2.25
0.5        -0.5         2.5
0.5        -0.5        2.75
0.5        -0.5           3
0.5        -0.5        3.25
0.5        -0.5         3.5
0.5        -0.5        3.75
0.5        -0.5           4
0.5        -0.5        4.25
0.5        -0.5         4.5
0.5        -0.5        4.75
0.5        -0.5           5
0.5        -0.5        5.25
0.5        -0.5         5.5
0.5        -0.5        5.75
0.5        -0.5           6
0.5        -0.5        6.25
0.5        -0.5         6.5
0.5        -0.5        6.75
0.5        -0.5           7
0.5        -0.5        7.25
0.5        -0.5         7.5
0.5        -0.5        7.75
0.5        -0.5           8
0.5        -0.5        8.25
0.5        -0.5         8.5
0.5        -0.5        8.75
0.5        -0.5           9
0.5        -0.5        9.25
0.5        -0.5         9.5
0.5        -0.5        9.75
0.5         0.5        0.25
0.5         0.5         0.5
0.5         0.5        0.75
0.5         0.5           1
0.5         0.5        1.25
0.5         0.5         1.5
0.5         0.5        1.75
0.5         0.5           2
0.5         0.5        2.25
0.5         0.5         2.5
0.5         0.5        2.75
0.5         0.5           3
0.5         0.5        3.25
0.5         0.5         3.5
0.5         0.5        3.75
0.5         0.5           4
0.5         0.5        4.25
0.5         0.5         4.5
0.5         0.5        4.75
0.5         0.5           5
0.5         0.5        5.25
0.5         0.5         5.5
0.5         0.5        5.75
0.5         0.5           6
0.5         0.5        6.25
0.5         0.5         6.5
0.5         0.5        6.75
0.5         0.5           7
0.5         0.5        7.25
0.5         0.5         7.5
0.5         0.5        7.75
0.5         0.5           8
0.5         0.5        8.25
0.5         0.5         8.5
0.5         0.5        8.75
0.5         0.5           9
0.5         0.5        9.25
0.5         0.5         9.5
0.5         0.5        9.75
-0.5         0.5        0.25
-0.5         0.5         0.5
-0.5         0.5        0.75
-0.5         0.5           1
-0.5         0.5        1.25
-0.5         0.5         1.5
-0.5         0.5        1.75
-0.5         0.5           2
-0.5         0.5        2.25
-0.5         0.5         2.5
-0.5         0.5        2.75
-0.5         0.5           3
-0.5         0.5        3.25
-0.5         0.5         3.5
-0.5         0.5        3.75
-0.5         0.5           4
-0.5         0.5        4.25
-0.5         0.5         4.5
-0.5         0.5        4.75
-0.5         0.5           5
-0.5         0.5        5.25
-0.5         0.5         5.5
-0.5         0.5        5.75
-0.5         0.5           6
-0.5         0.5        6.25
-0.5         0.5         6.5
-0.5         0.5        6.75
-0.5         0.5           7
-0.5         0.5        7.25
-0.5         0.5         7.5
-0.5         0.5        7.75
-0.5         0.5           8
-0.5         0.5        8.25
-0.5         0.5         8.5
-0.5         0.5        8.75
-0.5         0.5           9
-0.5         0.5        9.25
-0.5         0.5         9.5
-0.5         0.5        9.75
-0.25       -0.25           0
-0.25  6.8756e-13           0
-0.25        0.25           0
-6.8756e-13       -0.25           0
-3.7821e-24           0           0
6.8756e-13        0.25           0
0.25       -0.25           0
0.25 -6.8756e-13           0
0.25        0.25           0
-0.25        -0.5        0.25
-0.25        -0.5         0.5
-0.25        -0.5        0.75
-0.25        -0.5           1
-0.25        -0.5        1.25
-0.25        -0.5         1.5
-0.25        -0.5        1.75
-0.25        -0.5           2
-0.25        -0.5        2.25
-0.25        -0.5         2.5
-0.25        -0.5        2.75
-0.25        -0.5           3
-0.25        -0.5        3.25
-0.25        -0.5         3.5
-0.25        -0.5        3.75
-0.25        -0.5           4
-0.25        -0.5        4.25
-0.25        -0.5         4.5
-0.25        -0.5        4.75
-0.25        -0.5           5
-0.25        -0.5        5.25
-0.25        -0.5         5.5
-0.25        -0.5        5.75
-0.25        -0.5           6
-0.25        -0.5        6.25
-0.25        -0.5         6.5
-0.25        -0.5        6.75
-0.25        -0.5           7
-0.25        -0.5        7.25
-0.25        -0.5         7.5
-0.25        -0.5        7.75
-0.25        -0.5           8
-0.25        -0.5        8.25
-0.25        -0.5         8.5
-0.25        -0.5        8.75
-0.25        -0.5           9
-0.25        -0.5        9.25
-0.25        -0.5         9.5
-0.25        -0.5        9.75
-1.3751e-12        -0.5        0.25
-1.3751e-12        -0.5         0.5
-1.3751e-12        -0.5        0.75
-1.3751e-12        -0.5           1
-1.3751e-12        -0.5        1.25
-1.3751e-12        -0.5         1.5
-1.3751e-12        -0.5        1.75
-1.3751e-12        -0.5           2
-1.3751e-12        -0.5        2.25
-1.3751e-12        -0.5         2.5
-1.3751e-12        -0.5        2.75
-1.3751e-12        -0.5           3
-1.3751e-12        -0.5        3.25
-1.3751e-12        -0.5         3.5
-1.3751e-12        -0.5        3.75
-1.3751e-12        -0.5           4
-1.3751e-12        -0.5        4.25
-1.3751e-12        -0.5         4.5
-1.3751e-12        -0.5        4.75
-1.3751e-12        -0.5           5
-1.3751e-12        -0.5        5.25
-1.3751e-12        -0.5         5.5
-1.3751e-12        -0.5        5.75
-1.3751e-12        -0.5           6
-1.3751e-12        -0.5        6.25
-1.3751e-12        -0.5         6.5
-1.3751e-12        -0.5        6.75
-1.3751e-12        -0.5           7
-1.3751e-12        -0.5        7.25
-1.3751e-12        -0.5         7.5
-1.3751e-12        -0.5        7.75
-1.3751e-12        -0.5           8
-1.3751e-12        -0.5        8.25
-1.3751e-12        -0.5         8.5
-1.3751e-12        -0.5        8.75
-1.3751e-12        -0.5           9
-1.3751e-12        -0.5        9.25
-1.3751e-12        -0.5         9.5
-1.3751e-12        -0.5        9.75
0.25        -0.5        0.25
0.25        -0.5         0.5
0.25        -0.5        0.75
0.25        -0.5           1
0.25        -0.5        1.25
0.25        -0.5         1.5
0.25        -0.5        1.75
0.25        -0.5           2
0.25        -0.5        2.25
0.25        -0.5         2.5
0.25        -0.5        2.75
0.25        -0.5           3
0.25        -0.5        3.25
0.25        -0.5         3.5
0.25        -0.5        3.75
0.25        -0.5           4
0.25        -0.5        4.25
0.25        -0.5         4.5
0.25        -0.5        4.75
0.25        -0.5           5
0.25        -0.5        5.25
0.25        -0.5         5.5
0.25        -0.5        5.75
0.25        -0.5           6
0.25        -0.5        6.25
0.25        -0.5         6.5
0.25        -0.5        6.75
0.25        -0.5           7
0.25        -0.5        7.25
0.25        -0.5         7.5
0.25        -0.5        7.75
0.25        -0.5           8
0.25        -0.5        8.25
0.25        -0.5         8.5
0.25        -0.5        8.75
0.25        -0.5           9
0.25        -0.5        9.25
0.25        -0.5         9.5
0.25        -0.5        9.75
0.5       -0.25        0.25
0.5       -0.25         0.5
0.5       -0.25        0.75
0.5       -0.25           1
0.5       -0.25        1.25
0.5       -0.25         1.5
0.5       -0.25        1.75
0.5       -0.25           2
0.5       -0.25        2.25
0.5       -0.25         2.5
0.5       -0.25        2.75
0.5       -0.25           3
0.5       -0.25        3.25
0.5       -0.25         3.5
0.5       -0.25        3.75
0.5       -0.25           4
0.5       -0.25        4.25
0.5       -0.25         4.5
0.5       -0.25        4.75
0.5       -0.25           5
0.5       -0.25        5.25
0.5       -0.25         5.5
0.5       -0.25        5.75
0.5       -0.25           6
0.5       -0.25        6.25
0.5       -0.25         6.5
0.5       -0.25        6.75
0.5       -0.25           7
0.5       -0.25        7.25
0.5       -0.25         7.5
0.5       -0.25        7.75
0.5       -0.25           8
0.5       -0.25        8.25
0.5       -0.25         8.5
0.5       -0.25        8.75
0.5       -0.25           9
0.5       -0.25        9.25
0.5       -0.25         9.5
0.5       -0.25        9.75
0.5 -1.3751e-12        0.25
0.5 -1.3751e-12         0.5
0.5 -1.3751e-12        0.75
0.5 -1.3751e-12           1
0.5 -1.3751e-12        1.25
0.5 -1.3751e-12         1.5
0.5 -1.3751e-12        1.75
0.5 -1.3751e-12           2
0.5 -1.3751e-12        2.25
0.5 -1.3751e-12         2.5
0.5 -1.3751e-12        2.75
0.5 -1.3751e-12           3
0.5 -1.3751e-12        3.25
0.5 -1.3751e-12         3.5
0.5 -1.3751e-12        3.75
0.5 -1.3751e-12           4
0.5 -1.3751e-12        4.25
0.5 -1.3751e-12         4.5
0.5 -1.3751e-12        4.75
0.5 -1.3751e-12           5
0.5 -1.3751e-12        5.25
0.5 -1.3751e-12         5.5
0.5 -1.3751e-12        5.75
0.5 -1.3751e-12           6
0.5 -1.3751e-12        6.25
0.5 -1.3751e-12         6.5
0.5 -1.3751e-12        6.75
0.5 -1.3751e-12           7
0.5 -1.3751e-12        7.25
0.5 -1.3751e-12         7.5
0.5 -1.3751e-12        7.75
0.5 -1.3751e-12           8
0.5 -1.3751e-12        8.25
0.5 -1.3751e-12         8.5
0.5 -1.3751e-12        8.75
0.5 -1.3751e-12           9
0.5 -1.3751e-12        9.25
0.5 -1.3751e-12         9.5
0.5 -1.3751e-12        9.75
0.5        0.25        0.25
0.5        0.25         0.5
0.5        0.25        0.75
0.5        0.25           1
0.5        0.25        1.25
0.5        0.25         1.5
0.5        0.25        1.75
0.5        0.25           2
0.5        0.25        2.25
0.5        0.25         2.5
0.5        0.25        2.75
0.5        0.25           3
0.5        0.25        3.25
0.5        0.25         3.5
0.5        0.25        3.75
0.5        0.25           4
0.5        0.25        4.25
0.5        0.25         4.5
0.5        0.25        4.75
0.5        0.25           5
0.5        0.25        5.25
0.5        0.25         5.5
0.5        0.25        5.75
0.5        0.25           6
0.5        0.25        6.25
0.5        0.25         6.5
0.5        0.25        6.75
0.5        0.25           7
0.5        0.25        7.25
0.5        0.25         7.5
0.5        0.25        7.75
0.5        0.25           8
0.5        0.25        8.25
0.5        0.25         8.5
0.5        0.25        8.75
0.5        0.25           9
0.5        0.25        9.25
0.5        0.25         9.5
0.5        0.25        9.75
0.25         0.5        0.25
0.25         0.5         0.5
0.25         0.5        0.75
0.25         0.5           1
0.25         0.5        1.25
0.25         0.5         1.5
0.25         0.5        1.75
0.25         0.5           2
0.25         0.5        2.25
0.25         0.5         2.5
0.25         0.5        2.75
0.25         0.5           3
0.25         0.5        3.25
0.25         0.5         3.5
0.25         0.5        3.75
0.25         0.5           4
0.25         0.5        4.25
0.25         0.5         4.5
0.25         0.5        4.75
0.25         0.5           5
0.25         0.5        5.25
0.25         0.5         5.5
0.25         0.5        5.75
0.25         0.5           6
0.25         0.5        6.25
0.25         0.5         6.5
0.25         0.5        6.75
0.25         0.5           7
0.25         0.5        7.25
0.25         0.5         7.5
0.25         0.5        7.75
0.25         0.5           8
0.25         0.5        8.25
0.25         0.5         8.5
0.25         0.5        8.75
0.25         0.5           9
0.25         0.5        9.25
0.25         0.5         9.5
0.25         0.5        9.75
1.3751e-12         0.5        0.25
1.3751e-12         0.5         0.5
1.3751e-12         0.5        0.75
1.3751e-12         0.5           1
1.3751e-12         0.5        1.25
1.3751e-12         0.5         1.5
1.3751e-12         0.5        1.75
1.3751e-12         0.5           2
1.3751e-12         0.5        2.25
1.3751e-12         0.5         2.5
1.3751e-12         0.5        2.75
1.3751e-12         0.5           3
1.3751e-12         0.5        3.25
1.3751e-12         0.5         3.5
1.3751e-12         0.5        3.75
1.3751e-12         0.5           4
1.3751e-12         0.5        4.25
1.3751e-12         0.5         4.5
1.3751e-12         0.5        4.75
1.3751e-12         0.5           5
1.3751e-12         0.5        5.25
1.3751e-12         0.5         5.5
1.3751e-12         0.5        5.75
1.3751e-12         0.5           6
1.3751e-12         0.5        6.25
1.3751e-12         0.5         6.5
1.3751e-12         0.5        6.75
1.3751e-12         0.5           7
1.3751e-12         0.5        7.25
1.3751e-12         0.5         7.5
1.3751e-12         0.5        7.75
1.3751e-12         0.5           8
1.3751e-12         0.5        8.25
1.3751e-12         0.5         8.5
1.3751e-12         0.5        8.75
1.3751e-12         0.5           9
1.3751e-12         0.5        9.25
1.3751e-12         0.5         9.5
1.3751e-12         0.5        9.75
-0.25         0.5        0.25
-0.25         0.5         0.5
-0.25         0.5        0.75
-0.25         0.5           1
-0.25         0.5        1.25
-0.25         0.5         1.5
-0.25         0.5        1.75
-0.25         0.5           2
-0.25         0.5        2.25
-0.25         0.5         2.5
-0.25         0.5        2.75
-0.25         0.5           3
-0.25         0.5        3.25
-0.25         0.5         3.5
-0.25         0.5        3.75
-0.25         0.5           4
-0.25         0.5        4.25
-0.25         0.5         4.5
-0.25         0.5        4.75
-0.25         0.5           5
-0.25         0.5        5.25
-0.25         0.5         5.5
-0.25         0.5        5.75
-0.25         0.5           6
-0.25         0.5        6.25
-0.25         0.5         6.5
-0.25         0.5        6.75
-0.25         0.5           7
-0.25         0.5        7.25
-0.25         0.5         7.5
-0.25         0.5        7.75
-0.25         0.5           8
-0.25         0.5        8.25
-0.25         0.5         8.5
-0.25         0.5        8.75
-0.25         0.5           9
-0.25         0.5        9.25
-0.25         0.5         9.5
-0.25         0.5        9.75
-0.5        0.25        0.25
-0.5        0.25         0.5
-0.5        0.25        0.75
-0.5        0.25           1
-0.5        0.25        1.25
-0.5        0.25         1.5
-0.5        0.25        1.75
-0.5        0.25           2
-0.5        0.25        2.25
-0.5        0.25         2.5
-0.5        0.25        2.75
-0.5        0.25           3
-0.5        0.25        3.25
-0.5        0.25         3.5
-0.5        0.25        3.75
-0.5        0.25           4
-0.5        0.25        4.25
-0.5        0.25         4.5
-0.5        0.25        4.75
-0.5        0.25           5
-0.5        0.25        5.25
-0.5        0.25         5.5
-0.5        0.25        5.75
-0.5        0.25           6
-0.5        0.25        6.25
-0.5        0.25         6.5
-0.5        0.25        6.75
-0.5        0.25           7
-0.5        0.25        7.25
-0.5        0.25         7.5
-0.5        0.25        7.75
-0.5        0.25           8
-0.5        0.25        8.25
-0.5        0.25         8.5
-0.5        0.25        8.75
-0.5        0.25           9
-0.5        0.25        9.25
-0.5        0.25         9.5
-0.5        0.25        9.75
-0.5  1.3751e-12        0.25
-0.5  1.3751e-12         0.5
-0.5  1.3751e-12        0.75
-0.5  1.3751e-12           1
-0.5  1.3751e-12        1.25
-0.5  1.3751e-12         1.5
-0.5  1.3751e-12        1.75
-0.5  1.3751e-12           2
-0.5  1.3751e-12        2.25
-0.5  1.3751e-12         2.5
-0.5  1.3751e-12        2.75
-0.5  1.3751e-12           3
-0.5  1.3751e-12        3.25
-0.5  1.3751e-12         3.5
-0.5  1.3751e-12        3.75
-0.5  1.3751e-12           4
-0.5  1.3751e-12        4.25
-0.5  1.3751e-12         4.5
-0.5  1.3751e-12        4.75
-0.5  1.3751e-12           5
-0.5  1.3751e-12        5.25
-0.5  1.3751e-12         5.5
-0.5  1.3751e-12        5.75
-0.5  1.3751e-12           6
-0.5  1.3751e-12        6.25
-0.5  1.3751e-12         6.5
-0.5  1.3751e-12        6.75
-0.5  1.3751e-12           7
-0.5  1.3751e-12        7.25
-0.5  1.3751e-12         7.5
-0.5  1.3751e-12        7.75
-0.5  1.3751e-12           8
-0.5  1.3751e-12        8.25
-0.5  1.3751e-12         8.5
-0.5  1.3751e-12        8.75
-0.5  1.3751e-12           9
-0.5  1.3751e-12        9.25
-0.5  1.3751e-12         9.5
-0.5  1.3751e-12        9.75
-0.5       -0.25        0.25
-0.5       -0.25         0.5
-0.5       -0.25        0.75
-0.5       -0.25           1
-0.5       -0.25        1.25
-0.5       -0.25         1.5
-0.5       -0.25        1.75
-0.5       -0.25           2
-0.5       -0.25        2.25
-0.5       -0.25         2.5
-0.5       -0.25        2.75
-0.5       -0.25           3
-0.5       -0.25        3.25
-0.5       -0.25         3.5
-0.5       -0.25        3.75
-0.5       -0.25           4
-0.5       -0.25        4.25
-0.5       -0.25         4.5
-0.5       -0.25        4.75
-0.5       -0.25           5
-0.5       -0.25        5.25
-0.5       -0.25         5.5
-0.5       -0.25        5.75
-0.5       -0.25           6
-0.5       -0.25        6.25
-0.5       -0.25         6.5
-0.5       -0.25        6.75
-0.5       -0.25           7
-0.5       -0.25        7.25
-0.5       -0.25         7.5
-0.5       -0.25        7.75
-0.5       -0.25           8
-0.5       -0.25        8.25
-0.5       -0.25         8.5
-0.5       -0.25        8.75
-0.5       -0.25           9
-0.5       -0.25        9.25
-0.5       -0.25         9.5
-0.5       -0.25        9.75
-0.25        -0.25           10
-0.25  6.87561e-13           10
-0.25         0.25           10
-6.87561e-13        -0.25           10
-3.78209e-24            0           10
6.87561e-13         0.25           10
0.25        -0.25           10
0.25 -6.87561e-13           10
0.25         0.25           10
-0.25       -0.25        0.25
-0.25       -0.25         0.5
-0.25       -0.25        0.75
-0.25       -0.25           1
-0.25       -0.25        1.25
-0.25       -0.25         1.5
-0.25       -0.25        1.75
-0.25       -0.25           2
-0.25       -0.25        2.25
-0.25       -0.25         2.5
-0.25       -0.25        2.75
-0.25       -0.25           3
-0.25       -0.25        3.25
-0.25       -0.25         3.5
-0.25       -0.25        3.75
-0.25       -0.25           4
-0.25       -0.25        4.25
-0.25       -0.25         4.5
-0.25       -0.25        4.75
-0.25       -0.25           5
-0.25       -0.25        5.25
-0.25       -0.25         5.5
-0.25       -0.25        5.75
-0.25       -0.25           6
-0.25       -0.25        6.25
-0.25       -0.25         6.5
-0.25       -0.25        6.75
-0.25       -0.25           7
-0.25       -0.25        7.25
-0.25       -0.25         7.5
-0.25       -0.25        7.75
-0.25       -0.25           8
-0.25       -0.25        8.25
-0.25       -0.25         8.5
-0.25       -0.25        8.75
-0.25       -0.25           9
-0.25       -0.25        9.25
-0.25       -0.25         9.5
-0.25       -0.25        9.75
-0.25  6.8756e-13        0.25
-0.25  6.8756e-13         0.5
-0.25  6.8756e-13        0.75
-0.25  6.8756e-13           1
-0.25  6.8756e-13        1.25
-0.25  6.8756e-13         1.5
-0.25  6.8756e-13        1.75
-0.25  6.8756e-13           2
-0.25  6.8756e-13        2.25
-0.25  6.8756e-13         2.5
-0.25  6.8756e-13        2.75
-0.25  6.8756e-13           3
-0.25  6.8756e-13        3.25
-0.25  6.8756e-13         3.5
-0.25  6.8756e-13        3.75
-0.25  6.8756e-13           4
-0.25  6.8756e-13        4.25
-0.25  6.8756e-13         4.5
-0.25  6.8756e-13        4.75
-0.25  6.8756e-13           5
-0.25  6.8756e-13        5.25
-0.25  6.8756e-13         5.5
-0.25  6.8756e-13        5.75
-0.25  6.8756e-13           6
-0.25  6.8756e-13        6.25
-0.25  6.8756e-13         6.5
-0.25  6.8756e-13        6.75
-0.25  6.8756e-13           7
-0.25  6.8756e-13        7.25
-0.25  6.8756e-13         7.5
-0.25  6.8756e-13        7.75
-0.25  6.8756e-13           8
-0.25  6.8756e-13        8.25
-0.25  6.8756e-13         8.5
-0.25  6.8756e-13        8.75
-0.25  6.8756e-13           9
-0.25  6.8756e-13        9.25
-0.25  6.8756e-13         9.5
-0.25  6.8756e-13        9.75
-0.25        0.25        0.25
-0.25        0.25         0.5
-0.25        0.25        0.75
-0.25        0.25           1
-0.25        0.25        1.25
-0.25        0.25         1.5
-0.25        0.25        1.75
-0.25        0.25           2
-0.25        0.25        2.25
-0.25        0.25         2.5
-0.25        0.25        2.75
-0.25        0.25           3
-0.25        0.25        3.25
-0.25        0.25         3.5
-0.25        0.25        3.75
-0.25        0.25           4
-0.25        0.25        4.25
-0.25        0.25         4.5
-0.25        0.25        4.75
-0.25        0.25           5
-0.25        0.25        5.25
-0.25        0.25         5.5
-0.25        0.25        5.75
-0.25        0.25           6
-0.25        0.25        6.25
-0.25        0.25         6.5
-0.25        0.25        6.75
-0.25        0.25           7
-0.25        0.25        7.25
-0.25        0.25         7.5
-0.25        0.25        7.75
-0.25        0.25           8
-0.25        0.25        8.25
-0.25        0.25         8.5
-0.25        0.25        8.75
-0.25        0.25           9
-0.25        0.25        9.25
-0.25        0.25         9.5
-0.25        0.25        9.75
-6.8756e-13       -0.25        0.25
-6.8756e-13       -0.25         0.5
-6.8756e-13       -0.25        0.75
-6.8756e-13       -0.25           1
-6.8756e-13       -0.25        1.25
-6.8756e-13       -0.25         1.5
-6.8756e-13       -0.25        1.75
-6.8756e-13       -0.25           2
-6.8756e-13       -0.25        2.25
-6.8756e-13       -0.25         2.5
-6.8756e-13       -0.25        2.75
-6.8756e-13       -0.25           3
-6.8756e-13       -0.25        3.25
-6.8756e-13       -0.25         3.5
-6.8756e-13       -0.25        3.75
-6.8756e-13       -0.25           4
-6.8756e-13       -0.25        4.25
-6.8756e-13       -0.25         4.5
-6.8756e-13       -0.25        4.75
-6.8756e-13       -0.25           5
-6.8756e-13       -0.25        5.25
-6.8756e-13       -0.25         5.5
-6.8756e-13       -0.25        5.75
-6.8756e-13       -0.25           6
-6.8756e-13       -0.25        6.25
-6.8756e-13       -0.25         6.5
-6.8756e-13       -0.25        6.75
-6.8756e-13       -0.25           7
-6.8756e-13       -0.25        7.25
-6.8756e-13       -0.25         7.5
-6.8756e-13       -0.25        7.75
-6.8756e-13       -0.25           8
-6.8756e-13       -0.25        8.25
-6.8756e-13       -0.25         8.5
-6.8756e-13       -0.25        8.75
-6.8756e-13       -0.25           9
-6.8756e-13       -0.25        9.25
-6.8756e-13       -0.25         9.5
-6.8756e-13       -0.25        9.75
-3.7821e-24           0        0.25
-3.7821e-24           0         0.5
-3.7821e-24           0        0.75
-3.7821e-24           0           1
-3.7821e-24           0        1.25
-3.7821e-24           0         1.5
-3.7821e-24           0        1.75
-3.7821e-24           0           2
-3.7821e-24           0        2.25
-3.7821e-24           0         2.5
-3.7821e-24           0        2.75
-3.7821e-24           0           3
-3.7821e-24           0        3.25
-3.7821e-24           0         3.5
-3.7821e-24           0        3.75
-3.7821e-24           0           4
-3.7821e-24           0        4.25
-3.7821e-24           0         4.5
-3.7821e-24           0        4.75
-3.7821e-24           0           5
-3.7821e-24           0        5.25
-3.7821e-24           0         5.5
-3.7821e-24           0        5.75
-3.7821e-24           0           6
-3.7821e-24           0        6.25
-3.7821e-24           0         6.5
-3.7821e-24           0        6.75
-3.7821e-24           0           7
-3.7821e-24           0        7.25
-3.7821e-24           0         7.5
-3.7821e-24           0        7.75
-3.7821e-24           0           8
-3.7821e-24           0        8.25
-3.7821e-24           0         8.5
-3.7821e-24           0        8.75
-3.7821e-24           0           9
-3.7821e-24           0        9.25
-3.7821e-24           0         9.5
-3.7821e-24           0        9.75
6.8756e-13        0.25        0.25
6.8756e-13        0.25         0.5
6.8756e-13        0.25        0.75
6.8756e-13        0.25           1
6.8756e-13        0.25        1.25
6.8756e-13        0.25         1.5
6.8756e-13        0.25        1.75
6.8756e-13        0.25           2
6.8756e-13        0.25        2.25
6.8756e-13        0.25         2.5
6.8756e-13        0.25        2.75
6.8756e-13        0.25           3
6.8756e-13        0.25        3.25
6.8756e-13        0.25         3.5
6.8756e-13        0.25        3.75
6.8756e-13        0.25           4
6.8756e-13        0.25        4.25
6.8756e-13        0.25         4.5
6.8756e-13        0.25        4.75
6.8756e-13        0.25           5
6.8756e-13        0.25        5.25
6.8756e-13        0.25         5.5
6.8756e-13        0.25        5.75
6.8756e-13        0.25           6
6.8756e-13        0.25        6.25
6.8756e-13        0.25         6.5
6.8756e-13        0.25        6.75
6.8756e-13        0.25           7
6.8756e-13        0.25        7.25
6.8756e-13        0.25         7.5
6.8756e-13        0.25        7.75
6.8756e-13        0.25           8
6.8756e-13        0.25        8.25
6.8756e-13        0.25         8.5
6.8756e-13        0.25        8.75
6.8756e-13        0.25           9
6.8756e-13        0.25        9.25
6.8756e-13        0.25         9.5
6.8756e-13        0.25        9.75
0.25       -0.25        0.25
0.25       -0.25         0.5
0.25       -0.25        0.75
0.25       -0.25           1
0.25       -0.25        1.25
0.25       -0.25         1.5
0.25       -0.25        1.75
0.25       -0.25           2
0.25       -0.25        2.25
0.25       -0.25         2.5
0.25       -0.25        2.75
0.25       -0.25           3
0.25       -0.25        3.25
0.25       -0.25         3.5
0.25       -0.25        3.75
0.25       -0.25           4
0.25       -0.25        4.25
0.25       -0.25         4.5
0.25       -0.25        4.75
0.25       -0.25           5
0.25       -0.25        5.25
0.25       -0.25         5.5
0.25       -0.25        5.75
0.25       -0.25           6
0.25       -0.25        6.25
0.25       -0.25         6.5
0.25       -0.25        6.75
0.25       -0.25           7
0.25       -0.25        7.25
0.25       -0.25         7.5
0.25       -0.25        7.75
0.25       -0.25           8
0.25       -0.25        8.25
0.25       -0.25         8.5
0.25       -0.25        8.75
0.25       -0.25           9
0.25       -0.25        9.25
0.25       -0.25         9.5
0.25       -0.25        9.75
0.25 -6.8756e-13        0.25
0.25 -6.8756e-13         0.5
0.25 -6.8756e-13        0.75
0.25 -6.8756e-13           1
0.25 -6.8756e-13        1.25
0.25 -6.8756e-13         1.5
0.25 -6.8756e-13        1.75
0.25 -6.8756e-13           2
0.25 -6.8756e-13        2.25
0.25 -6.8756e-13         2.5
0.25 -6.8756e-13        2.75
0.25 -6.8756e-13           3
0.25 -6.8756e-13        3.25
0.25 -6.8756e-13         3.5
0.25 -6.8756e-13        3.75
0.25 -6.8756e-13           4
0.25 -6.8756e-13        4.25
0.25 -6.8756e-13         4.5
0.25 -6.8756e-13        4.75
0.25 -6.8756e-13           5
0.25 -6.8756e-13        5.25
0.25 -6.8756e-13         5.5
0.25 -6.8756e-13        5.75
0.25 -6.8756e-13           6
0.25 -6.8756e-13        6.25
0.25 -6.8756e-13         6.5
0.25 -6.8756e-13        6.75
0.25 -6.8756e-13           7
0.25 -6.8756e-13        7.25
0.25 -6.8756e-13         7.5
0.25 -6.8756e-13        7.75
0.25 -6.8756e-13           8
0.25 -6.8756e-13        8.25
0.25 -6.8756e-13         8.5
0.25 -6.8756e-13        8.75
0.25 -6.8756e-13           9
0.25 -6.8756e-13        9.25
0.25 -6.8756e-13         9.5
0.25 -6.8756e-13        9.75
0.25        0.25        0.25
0.25        0.25         0.5
0.25        0.25        0.75
0.25        0.25           1
0.25        0.25        1.25
0.25        0.25         1.5
0.25        0.25        1.75
0.25        0.25           2
0.25        0.25        2.25
0.25        0.25         2.5
0.25        0.25        2.75
0.25        0.25           3
0.25        0.25        3.25
0.25        0.25         3.5
0.25        0.25        3.75
0.25        0.25           4
0.25        0.25        4.25
0.25        0.25         4.5
0.25        0.25        4.75
0.25        0.25           5
0.25        0.25        5.25
0.25        0.25         5.5
0.25        0.25        5.75
0.25        0.25           6
0.25        0.25        6.25
0.25        0.25         6.5
0.25        0.25        6.75
0.25        0.25           7
0.25        0.25        7.25
0.25        0.25         7.5
0.25        0.25        7.75
0.25        0.25           8
0.25        0.25        8.25
0.25        0.25         8.5
0.25        0.25        8.75
0.25        0.25           9
0.25        0.25        9.25
0.25        0.25         9.5
0.25        0.25        9.75

CELLS 640 5760
8 0    8  188   19   32  197  674  626
8 32  197  674  626   33  198  675  627
8 33  198  675  627   34  199  676  628
8 34  199  676  628   35  200  677  629
8 35  200  677  629   36  201  678  630
8 36  201  678  630   37  202  679  631
8 37  202  679  631   38  203  680  632
8 38  203  680  632   39  204  681  633
8 39  204  681  633   40  205  682  634
8 40  205  682  634   41  206  683  635
8 41  206  683  635   42  207  684  636
8 42  207  684  636   43  208  685  637
8 43  208  685  637   44  209  686  638
8 44  209  686  638   45  210  687  639
8 45  210  687  639   46  211  688  640
8 46  211  688  640   47  212  689  641
8 47  212  689  641   48  213  690  642
8 48  213  690  642   49  214  691  643
8 49  214  691  643   50  215  692  644
8 50  215  692  644   51  216  693  645
8 51  216  693  645   52  217  694  646
8 52  217  694  646   53  218  695  647
8 53  218  695  647   54  219  696  648
8 54  219  696  648   55  220  697  649
8 55  220  697  649   56  221  698  650
8 56  221  698  650   57  222  699  651
8 57  222  699  651   58  223  700  652
8 58  223  700  652   59  224  701  653
8 59  224  701  653   60  225  702  654
8 60  225  702  654   61  226  703  655
8 61  226  703  655   62  227  704  656
8 62  227  704  656   63  228  705  657
8 63  228  705  657   64  229  706  658
8 64  229  706  658   65  230  707  659
8 65  230  707  659   66  231  708  660
8 66  231  708  660   67  232  709  661
8 67  232  709  661   68  233  710  662
8 68  233  710  662   69  234  711  663
8 69  234  711  663   70  235  712  664
8 70  235  712  664    4   20  665   31
8 19  188  189   18  626  674  713  587
8 626  674  713  587  627  675  714  588
8 627  675  714  588  628  676  715  589
8 628  676  715  589  629  677  716  590
8 629  677  716  590  630  678  717  591
8 630  678  717  591  631  679  718  592
8 631  679  718  592  632  680  719  593
8 632  680  719  593  633  681  720  594
8 633  681  720  594  634  682  721  595
8 634  682  721  595  635  683  722  596
8 635  683  722  596  636  684  723  597
8 636  684  723  597  637  685  724  598
8 637  685  724  598  638  686  725  599
8 638  686  725  599  639  687  726  600
8 639  687  726  600  640  688  727  601
8 640  688  727  601  641  689  728  602
8 641  689  728  602  642  690  729  603
8 642  690  729  603  643  691  730  604
8 643  691  730  604  644  692  731  605
8 644  692  731  605  645  693  732  606
8 645  693  732  606  646  694  733  607
8 646  694  733  607  647  695  734  608
8 647  695  734  608  648  696  735  609
8 648  696  735  609  649  697  736  610
8 649  697  736  610  650  698  737  611
8 650  698  737  611  651  699  738  612
8 651  699  738  612  652  700  739  613
8 652  700  739  613  653  701  740  614
8 653  701  740  614  654  702  741  615
8 654  702  741  615  655  703  742  616
8 655  703  742  616  656  704  743  617
8 656  704  743  617  657  705  744  618
8 657  705  744  618  658  706  745  619
8 658  706  745  619  659  707  746  620
8 659  707  746  620  660  708  747  621
8 660  708  747  621  661  709  748  622
8 661  709  748  622  662  710  749  623
8 662  710  749  623  663  711  750  624
8 663  711  750  624  664  712  751  625
8 664  712  751  625   31  665  666   30
8 18  189  190   17  587  713  752  548
8 587  713  752  548  588  714  753  549
8 588  714  753  549  589  715  754  550
8 589  715  754  550  590  716  755  551
8 590  716  755  551  591  717  756  552
8 591  717  756  552  592  718  757  553
8 592  718  757  553  593  719  758  554
8 593  719  758  554  594  720  759  555
8 594  720  759  555  595  721  760  556
8 595  721  760  556  596  722  761  557
8 596  722  761  557  597  723  762  558
8 597  723  762  558  598  724  763  559
8 598  724  763  559  599  725  764  560
8 599  725  764  560  600  726  765  561
8 600  726  765  561  601  727  766  562
8 601  727  766  562  602  728  767  563
8 602  728  767  563  603  729  768  564
8 603  729  768  564  604  730  769  565
8 604  730  769  565  605  731  770  566
8 605  731  770  566  606  732  771  567
8 606  732  771  567  607  733  772  568
8 607  733  772  568  608  734  773  569
8 608  734  773  569  609  735  774  570
8 609  735  774  570  610  736  775  571
8 610  736  775  571  611  737  776  572
8 611  737  776  572  612  738  777  573
8 612  738  777  573  613  739  778  574
8 613  739  778  574  614  740  779  575
8 614  740  779  575  615  741  780  576
8 615  741  780  576  616  742  781  577
8 616  742  781  577  617  743  782  578
8 617  743  782  578  618  744  783  579
8 618  744  783  579  619  745  784  580
8 619  745  784  580  620  746  785  581
8 620  746  785  581  621  747  786  582
8 621  747  786  582  622  748  787  583
8 622  748  787  583  623  749  788  584
8 623  749  788  584  624  750  789  585
8 624  750  789  585  625  751  790  586
8 625  751  790  586   30  666  667   29
8 17  190   16    3  548  752  509  149
8 548  752  509  149  549  753  510  150
8 549  753  510  150  550  754  511  151
8 550  754  511  151  551  755  512  152
8 551  755  512  152  552  756  513  153
8 552  756  513  153  553  757  514  154
8 553  757  514  154  554  758  515  155
8 554  758  515  155  555  759  516  156
8 555  759  516  156  556  760  517  157
8 556  760  517  157  557  761  518  158
8 557  761  518  158  558  762  519  159
8 558  762  519  159  559  763  520  160
8 559  763  520  160  560  764  521  161
8 560  764  521  161  561  765  522  162
8 561  765  522  162  562  766  523  163
8 562  766  523  163  563  767  524  164
8 563  767  524  164  564  768  525  165
8 564  768  525  165  565  769  526  166
8 565  769  526  166  566  770  527  167
8 566  770  527  167  567  771  528  168
8 567  771  528  168  568  772  529  169
8 568  772  529  169  569  773  530  170
8 569  773  530  170  570  774  531  171
8 570  774  531  171  571  775  532  172
8 571  775  532  172  572  776  533  173
8 572  776  533  173  573  777  534  174
8 573  777  534  174  574  778  535  175
8 574  778  535  175  575  779  536  176
8 575  779  536  176  576  780  537  177
8 576  780  537  177  577  781  538  178
8 577  781  538  178  578  782  539  179
8 578  782  539  179  579  783  540  180
8 579  783  540  180  580  784  541  181
8 580  784  541  181  581  785  542  182
8 581  785  542  182  582  786  543  183
8 582  786  543  183  583  787  544  184
8 583  787  544  184  584  788  545  185
8 584  788  545  185  585  789  546  186
8 585  789  546  186  586  790  547  187
8 586  790  547  187   29  667   28    7
8 8    9  191  188  197  236  791  674
8 197  236  791  674  198  237  792  675
8 198  237  792  675  199  238  793  676
8 199  238  793  676  200  239  794  677
8 200  239  794  677  201  240  795  678
8 201  240  795  678  202  241  796  679
8 202  241  796  679  203  242  797  680
8 203  242  797  680  204  243  798  681
8 204  243  798  681  205  244  799  682
8 205  244  799  682  206  245  800  683
8 206  245  800  683  207  246  801  684
8 207  246  801  684  208  247  802  685
8 208  247  802  685  209  248  803  686
8 209  248  803  686  210  249  804  687
8 210  249  804  687  211  250  805  688
8 211  250  805  688  212  251  806  689
8 212  251  806  689  213  252  807  690
8 213  252  807  690  214  253  808  691
8 214  253  808  691  215  254  809  692
8 215  254  809  692  216  255  810  693
8 216  255  810  693  217  256  811  694
8 217  256  811  694  218  257  812  695
8 218  257  812  695  219  258  813  696
8 219  258  813  696  220  259  814  697
8 220  259  814  697  221  260  815  698
8 221  260  815  698  222  261  816  699
8 222  261  816  699  223  262  817  700
8 223  262  817  700  224  263  818  701
8 224  263  818  701  225  264  819  702
8 225  264  819  702  226  265  820  703
8 226  265  820  703  227  266  821  704
8 227  266  821  704  228  267  822  705
8 228  267  822  705  229  268  823  706
8 229  268  823  706  230  269  824  707
8 230  269  824  707  231  270  825  708
8 231  270  825  708  232  271  826  709
8 232  271  826  709  233  272  827  710
8 233  272  827  710  234  273  828  711
8 234  273  828  711  235  274  829  712
8 235  274  829  712   20   21  668  665
8 188  191  192  189  674  791  830  713
8 674  791  830  713  675  792  831  714
8 675  792  831  714  676  793  832  715
8 676  793  832  715  677  794  833  716
8 677  794  833  716  678  795  834  717
8 678  795  834  717  679  796  835  718
8 679  796  835  718  680  797  836  719
8 680  797  836  719  681  798  837  720
8 681  798  837  720  682  799  838  721
8 682  799  838  721  683  800  839  722
8 683  800  839  722  684  801  840  723
8 684  801  840  723  685  802  841  724
8 685  802  841  724  686  803  842  725
8 686  803  842  725  687  804  843  726
8 687  804  843  726  688  805  844  727
8 688  805  844  727  689  806  845  728
8 689  806  845  728  690  807  846  729
8 690  807  846  729  691  808  847  730
8 691  808  847  730  692  809  848  731
8 692  809  848  731  693  810  849  732
8 693  810  849  732  694  811  850  733
8 694  811  850  733  695  812  851  734
8 695  812  851  734  696  813  852  735
8 696  813  852  735  697  814  853  736
8 697  814  853  736  698  815  854  737
8 698  815  854  737  699  816  855  738
8 699  816  855  738  700  817  856  739
8 700  817  856  739  701  818  857  740
8 701  818  857  740  702  819  858  741
8 702  819  858  741  703  820  859  742
8 703  820  859  742  704  821  860  743
8 704  821  860  743  705  822  861  744
8 705  822  861  744  706  823  862  745
8 706  823  862  745  707  824  863  746
8 707  824  863  746  708  825  864  747
8 708  825  864  747  709  826  865  748
8 709  826  865  748  710  827  866  749
8 710  827  866  749  711  828  867  750
8 711  828  867  750  712  829  868  751
8 712  829  868  751  665  668  669  666
8 189  192  193  190  713  830  869  752
8 713  830  869  752  714  831  870  753
8 714  831  870  753  715  832  871  754
8 715  832  871  754  716  833  872  755
8 716  833  872  755  717  834  873  756
8 717  834  873  756  718  835  874  757
8 718  835  874  757  719  836  875  758
8 719  836  875  758  720  837  876  759
8 720  837  876  759  721  838  877  760
8 721  838  877  760  722  839  878  761
8 722  839  878  761  723  840  879  762
8 723  840  879  762  724  841  880  763
8 724  841  880  763  725  842  881  764
8 725  842  881  764  726  843  882  765
8 726  843  882  765  727  844  883  766
8 727  844  883  766  728  845  884  767
8 728  845  884  767  729  846  885  768
8 729  846  885  768  730  847  886  769
8 730  847  886  769  731  848  887  770
8 731  848  887  770  732  849  888  771
8 732  849  888  771  733  850  889  772
8 733  850  889  772  734  851  890  773
8 734  851  890  773  735  852  891  774
8 735  852  891  774  736  853  892  775
8 736  853  892  775  737  854  893  776
8 737  854  893  776  738  855  894  777
8 738  855  894  777  739  856  895  778
8 739  856  895  778  740  857  896  779
8 740  857  896  779  741  858  897  780
8 741  858  897  780  742  859  898  781
8 742  859  898  781  743  860  899  782
8 743  860  899  782  744  861  900  783
8 744  861  900  783  745  862  901  784
8 745  862  901  784  746  863  902  785
8 746  863  902  785  747  864  903  786
8 747  864  903  786  748  865  904  787
8 748  865  904  787  749  866  905  788
8 749  866  905  788  750  867  906  789
8 750  867  906  789  751  868  907  790
8 751  868  907  790  666  669  670  667
8 190  193   15   16  752  869  470  509
8 752  869  470  509  753  870  471  510
8 753  870  471  510  754  871  472  511
8 754  871  472  511  755  872  473  512
8 755  872  473  512  756  873  474  513
8 756  873  474  513  757  874  475  514
8 757  874  475  514  758  875  476  515
8 758  875  476  515  759  876  477  516
8 759  876  477  516  760  877  478  517
8 760  877  478  517  761  878  479  518
8 761  878  479  518  762  879  480  519
8 762  879  480  519  763  880  481  520
8 763  880  481  520  764  881  482  521
8 764  881  482  521  765  882  483  522
8 765  882  483  522  766  883  484  523
8 766  883  484  523  767  884  485  524
8 767  884  485  524  768  885  486  525
8 768  885  486  525  769  886  487  526
8 769  886  487  526  770  887  488  527
8 770  887  488  527  771  888  489  528
8 771  888  489  528  772  889  490  529
8 772  889  490  529  773  890  491  530
8 773  890  491  530  774  891  492  531
8 774  891  492  531  775  892  493  532
8 775  892  493  532  776  893  494  533
8 776  893  494  533  777  894  495  534
8 777  894  495  534  778  895  496  535
8 778  895  496  535  779  896  497  536
8 779  896  497  536  780  897  498  537
8 780  897  498  537  781  898  499  538
8 781  898  499  538  782  899  500  539
8 782  899  500  539  783  900  501  540
8 783  900  501  540  784  901  502  541
8 784  901  502  541  785  902  503  542
8 785  902  503  542  786  903  504  543
8 786  903  504  543  787  904  505  544
8 787  904  505  544  788  905  506  545
8 788  905  506  545  789  906  507  546
8 789  906  507  546  790  907  508  547
8 790  907  508  547  667  670   27   28
8 9   10  194  191  236  275  908  791
8 236  275  908  791  237  276  909  792
8 237  276  909  792  238  277  910  793
8 238  277  910  793  239  278  911  794
8 239  278  911  794  240  279  912  795
8 240  279  912  795  241  280  913  796
8 241  280  913  796  242  281  914  797
8 242  281  914  797  243  282  915  798
8 243  282  915  798  244  283  916  799
8 244  283  916  799  245  284  917  800
8 245  284  917  800  246  285  918  801
8 246  285  918  801  247  286  919  802
8 247  286  919  802  248  287  920  803
8 248  287  920  803  249  288  921  804
8 249  288  921  804  250  289  922  805
8 250  289  922  805  251  290  923  806
8 251  290  923  806  252  291  924  807
8 252  291  924  807  253  292  925  808
8 253  292  925  808  254  293  926  809
8 254  293  926  809  255  294  927  810
8 255  294  927  810  256  295  928  811
8 256  295  928  811  257  296  929  812
8 257  296  929  812  258  297  930  813
8 258  297  930  813  259  298  931  814
8 259  298  931  814  260  299  932  815
8 260  299  932  815  261  300  933  816
8 261  300  933  816  262  301  934  817
8 262  301  934  817  263  302  935  818
8 263  302  935  818  264  303  936  819
8 264  303  936  819  265  304  937  820
8 265  304  937  820  266  305  938  821
8 266  305  938  821  267  306  939  822
8 267  306  939  822  268  307  940  823
8 268  307  940  823  269  308  941  824
8 269  308  941  824  270  309  942  825
8 270  309  942  825  271  310  943  826
8 271  310  943  826  272  311  944  827
8 272  311  944  827  273  312  945  828
8 273  312  945  828  274  313  946  829
8 274  313  946  829   21   22  671  668
8 191  194  195  192  791  908  947  830
8 791  908  947  830  792  909  948  831
8 792  909  948  831  793  910  949  832
8 793  910  949  832  794  911  950  833
8 794  911  950  833  795  912  951  834
8 795  912  951  834  796  913  952  835
8 796  913  952  835  797  914  953  836
8 797  914  953  836  798  915  954  837
8 798  915  954  837  799  916  955  838
8 799  916  955  838  800  917  956  839
8 800  917  956  839  801  918  957  840
8 801  918  957  840  802  919  958  841
8 802  919  958  841  803  920  959  842
8 803  920  959  842  804  921  960  843
8 804  921  960  843  805  922  961  844
8 805  922  961  844  806  923  962  845
8 806  923  962  845  807  924  963  846
8 807  924  963  846  808  925  964  847
8 808  925  964  847  809  926  965  848
8 809  926  965  848  810  927  966  849
8 810  927  966  849  811  928  967  850
8 811  928  967  850  812  929  968  851
8 812  929  968  851  813  930  969  852
8 813  930  969  852  814  931  970  853
8 814  931  970  853  815  932  971  854
8 815  932  971  854  816  933  972  855
8 816  933  972  855  817  934  973  856
8 817  934  973  856  818  935  974  857
8 818  935  974  857  819  936  975  858
8 819  936  975  858  820  937  976  859
8 820  937  976  859  821  938  977  860
8 821  938  977  860  822  939  978  861
8 822  939  978  861  823  940  979  862
8 823  940  979  862  824  941  980  863
8 824  941  980  863  825  942  981  864
8 825  942  981  864  826  943  982  865
8 826  943  982  865  827  944  983  866
8 827  944  983  866  828  945  984  867
8 828  945  984  867  829  946  985  868
8 829  946  985  868  668  671  672  669
8 192  195  196  193  830  947  986  869
8 830  947  986  869  831  948  987  870
8 831  948  987  870  832  949  988  871
8 832  949  988  871  833  950  989  872
8 833  950  989  872  834  951  990  873
8 834  951  990  873  835  952  991  874
8 835  952  991  874  836  953  992  875
8 836  953  992  875  837  954  993  876
8 837  954  993  876  838  955  994  877
8 838  955  994  877  839  956  995  878
8 839  956  995  878  840  957  996  879
8 840  957  996  879  841  958  997  880
8 841  958  997  880  842  959  998  881
8 842  959  998  881  843  960  999  882
8 843   960   999   882   844   961  1000   883
8 844   961  1000   883   845   962  1001   884
8 845   962  1001   884   846   963  1002   885
8 846   963  1002   885   847   964  1003   886
8 847   964  1003   886   848   965  1004   887
8 848   965  1004   887   849   966  1005   888
8 849   966  1005   888   850   967  1006   889
8 850   967  1006   889   851   968  1007   890
8 851   968  1007   890   852   969  1008   891
8 852   969  1008   891   853   970  1009   892
8 853   970  1009   892   854   971  1010   893
8 854   971  1010   893   855   972  1011   894
8 855   972  1011   894   856   973  1012   895
8 856   973  1012   895   857   974  1013   896
8 857   974  1013   896   858   975  1014   897
8 858   975  1014   897   859   976  1015   898
8 859   976  1015   898   860   977  1016   899
8 860   977  1016   899   861   978  1017   900
8 861   978  1017   900   862   979  1018   901
8 862   979  1018   901   863   980  1019   902
8 863   980  1019   902   864   981  1020   903
8 864   981  1020   903   865   982  1021   904
8 865   982  1021   904   866   983  1022   905
8 866   983  1022   905   867   984  1023   906
8 867   984  1023   906   868   985  1024   907
8 868   985  1024   907   669   672   673   670
8 193  196   14   15  869  986  431  470
8 869  986  431  470  870  987  432  471
8 870  987  432  471  871  988  433  472
8 871  988  433  472  872  989  434  473
8 872  989  434  473  873  990  435  474
8 873  990  435  474  874  991  436  475
8 874  991  436  475  875  992  437  476
8 875  992  437  476  876  993  438  477
8 876  993  438  477  877  994  439  478
8 877  994  439  478  878  995  440  479
8 878  995  440  479  879  996  441  480
8 879  996  441  480  880  997  442  481
8 880  997  442  481  881  998  443  482
8 881  998  443  482  882  999  444  483
8 882   999   444   483   883  1000   445   484
8 883  1000   445   484   884  1001   446   485
8 884  1001   446   485   885  1002   447   486
8 885  1002   447   486   886  1003   448   487
8 886  1003   448   487   887  1004   449   488
8 887  1004   449   488   888  1005   450   489
8 888  1005   450   489   889  1006   451   490
8 889  1006   451   490   890  1007   452   491
8 890  1007   452   491   891  1008   453   492
8 891  1008   453   492   892  1009   454   493
8 892  1009   454   493   893  1010   455   494
8 893  1010   455   494   894  1011   456   495
8 894  1011   456   495   895  1012   457   496
8 895  1012   457   496   896  1013   458   497
8 896  1013   458   497   897  1014   459   498
8 897  1014   459   498   898  1015   460   499
8 898  1015   460   499   899  1016   461   500
8 899  1016   461   500   900  1017   462   501
8 900  1017   462   501   901  1018   463   502
8 901  1018   463   502   902  1019   464   503
8 902  1019   464   503   903  1020   465   504
8 903  1020   465   504   904  1021   466   505
8 904  1021   466   505   905  1022   467   506
8 905  1022   467   506   906  1023   468   507
8 906  1023   468   507   907  1024   469   508
8 907  1024   469   508   670   673    26    27
8 10    1   11  194  275   71  314  908
8 275   71  314  908  276   72  315  909
8 276   72  315  909  277   73  316  910
8 277   73  316  910  278   74  317  911
8 278   74  317  911  279   75  318  912
8 279   75  318  912  280   76  319  913
8 280   76  319  913  281   77  320  914
8 281   77  320  914  282   78  321  915
8 282   78  321  915  283   79  322  916
8 283   79  322  916  284   80  323  917
8 284   80  323  917  285   81  324  918
8 285   81  324  918  286   82  325  919
8 286   82  325  919  287   83  326  920
8 287   83  326  920  288   84  327  921
8 288   84  327  921  289   85  328  922
8 289   85  328  922  290   86  329  923
8 290   86  329  923  291   87  330  924
8 291   87  330  924  292   88  331  925
8 292   88  331  925  293   89  332  926
8 293   89  332  926  294   90  333  927
8 294   90  333  927  295   91  334  928
8 295   91  334  928  296   92  335  929
8 296   92  335  929  297   93  336  930
8 297   93  336  930  298   94  337  931
8 298   94  337  931  299   95  338  932
8 299   95  338  932  300   96  339  933
8 300   96  339  933  301   97  340  934
8 301   97  340  934  302   98  341  935
8 302   98  341  935  303   99  342  936
8 303   99  342  936  304  100  343  937
8 304  100  343  937  305  101  344  938
8 305  101  344  938  306  102  345  939
8 306  102  345  939  307  103  346  940
8 307  103  346  940  308  104  347  941
8 308  104  347  941  309  105  348  942
8 309  105  348  942  310  106  349  943
8 310  106  349  943  311  107  350  944
8 311  107  350  944  312  108  351  945
8 312  108  351  945  313  109  352  946
8 313  109  352  946   22    5   23  671
8 194   11   12  195  908  314  353  947
8 908  314  353  947  909  315  354  948
8 909  315  354  948  910  316  355  949
8 910  316  355  949  911  317  356  950
8 911  317  356  950  912  318  357  951
8 912  318  357  951  913  319  358  952
8 913  319  358  952  914  320  359  953
8 914  320  359  953  915  321  360  954
8 915  321  360  954  916  322  361  955
8 916  322  361  955  917  323  362  956
8 917  323  362  956  918  324  363  957
8 918  324  363  957  919  325  364  958
8 919  325  364  958  920  326  365  959
8 920  326  365  959  921  327  366  960
8 921  327  366  960  922  328  367  961
8 922  328  367  961  923  329  368  962
8 923  329  368  962  924  330  369  963
8 924  330  369  963  925  331  370  964
8 925  331  370  964  926  332  371  965
8 926  332  371  965  927  333  372  966
8 927  333  372  966  928  334  373  967
8 928  334  373  967  929  335  374  968
8 929  335  374  968  930  336  375  969
8 930  336  375  969  931  337  376  970
8 931  337  376  970  932  338  377  971
8 932  338  377  971  933  339  378  972
8 933  339  378  972  934  340  379  973
8 934  340  379  973  935  341  380  974
8 935  341  380  974  936  342  381  975
8 936  342  381  975  937  343  382  976
8 937  343  382  976  938  344  383  977
8 938  344  383  977  939  345  384  978
8 939  345  384  978  940  346  385  979
8 940  346  385  979  941  347  386  980
8 941  347  386  980  942  348  387  981
8 942  348  387  981  943  349  388  982
8 943  349  388  982  944  350  389  983
8 944  350  389  983  945  351  390  984
8 945  351  390  984  946  352  391  985
8 946  352  391  985  671   23   24  672
8 195   12   13  196  947  353  392  986
8 947  353  392  986  948  354  393  987
8 948  354  393  987  949  355  394  988
8 949  355  394  988  950  356  395  989
8 950  356  395  989  951  357  396  990
8 951  357  396  990  952  358  397  991
8 952  358  397  991  953  359  398  992
8 953  359  398  992  954  360  399  993
8 954  360  399  993  955  361  400  994
8 955  361  400  994  956  362  401  995
8 956  362  401  995  957  363  402  996
8 957  363  402  996  958  364  403  997
8 958  364  403  997  959  365  404  998
8 959  365  404  998  960  366  405  999
8 960   366   405   999   961   367   406  1000
8 961   367   406  1000   962   368   407  1001
8 962   368   407  1001   963   369   408  1002
8 963   369   408  1002   964   370   409  1003
8 964   370   409  1003   965   371   410  1004
8 965   371   410  1004   966   372   411  1005
8 966   372   411  1005   967   373   412  1006
8 967   373   412  1006   968   374   413  1007
8 968   374   413  1007   969   375   414  1008
8 969   375   414  1008   970   376   415  1009
8 970   376   415  1009   971   377   416  1010
8 971   377   416  1010   972   378   417  1011
8 972   378   417  1011   973   379   418  1012
8 973   379   418  1012   974   380   419  1013
8 974   380   419  1013   975   381   420  1014
8 975   381   420  1014   976   382   421  1015
8 976   382   421  1015   977   383   422  1016
8 977   383   422  1016   978   384   423  1017
8 978   384   423  1017   979   385   424  1018
8 979   385   424  1018   980   386   425  1019
8 980   386   425  1019   981   387   426  1020
8 981   387   426  1020   982   388   427  1021
8 982   388   427  1021   983   389   428  1022
8 983   389   428  1022   984   390   429  1023
8 984   390   429  1023   985   391   430  1024
8 985   391   430  1024   672    24    25   673
8 196   13    2   14  986  392  110  431
8 986  392  110  431  987  393  111  432
8 987  393  111  432  988  394  112  433
8 988  394  112  433  989  395  113  434
8 989  395  113  434  990  396  114  435
8 990  396  114  435  991  397  115  436
8 991  397  115  436  992  398  116  437
8 992  398  116  437  993  399  117  438
8 993  399  117  438  994  400  118  439
8 994  400  118  439  995  401  119  440
8 995  401  119  440  996  402  120  441
8 996  402  120  441  997  403  121  442
8 997  403  121  442  998  404  122  443
8 998  404  122  443  999  405  123  444
8 999   405   123   444  1000   406   124   445
8 1000   406   124   445  1001   407   125   446
8 1001   407   125   446  1002   408   126   447
8 1002   408   126   447  1003   409   127   448
8 1003   409   127   448  1004   410   128   449
8 1004   410   128   449  1005   411   129   450
8 1005   411   129   450  1006   412   130   451
8 1006   412   130   451  1007   413   131   452
8 1007   413   131   452  1008   414   132   453
8 1008   414   132   453  1009   415   133   454
8 1009   415   133   454  1010   416   134   455
8 1010   416   134   455  1011   417   135   456
8 1011   417   135   456  1012   418   136   457
8 1012   418   136   457  1013   419   137   458
8 1013   419   137   458  1014   420   138   459
8 1014   420   138   459  1015   421   139   460
8 1015   421   139   460  1016   422   140   461
8 1016   422   140   461  1017   423   141   462
8 1017   423   141   462  1018   424   142   463
8 1018   424   142   463  1019   425   143   464
8 1019   425   143   464  1020   426   144   465
8 1020   426   144   465  1021   427   145   466
8 1021   427   145   466  1022   428   146   467
8 1022   428   146   467  1023   429   147   468
8 1023   429   147   468  1024   430   148   469
8 1024   430   148   469   673    25     6    26

CELL_TYPES 640
12
12
12
12
12
12
12
12
12
12
12
12
12
12
12
12
12
12
12
12
12
12
12
12
12
12
12
12
12
12
12
12
12
12
12
12
12
12
12
12
12
12
12
12
12
12
12
12
12
12
12
12
12
12
12
12
12
12
12
12
12
12
12
12
12
12
12
12
12
12
12
12
12
12
12
12
12
12
12
12
12
12
12
12
12
12
12
12
12
12
12
12
12
12
12
12
12
12
12
12
12
12
12
12
12
12
12
12
12
12
12
12
12
12
12
12
12
12
12
12
12
12
12
12
12
12
12
12
12
12
12
12
12
12
12
12
12
12
12
12
12
12
12
12
12
12
12
12
12
12
12
12
12
12
12
12
12
12
12
12
12
12
12
12
12
12
12
12
12
12
12
12
12
12
12
12
12
12
12
12
12
12
12
12
12
12
12
12
12
12
12
12
12
12
12
12
12
12
12
12
12
12
12
12
12
12
12
12
12
12
12
12
12
12
12
12
12
12
12
12
12
12
12
12
12
12
12
12
12
12
12
12
12
12
12
12
12
12
12
12
12
12
12
12
12
12
12
12
12
12
12
12
12
12
12
12
12
12
12
12
12
12
12
12
12
12
12
12
12
12
12
12
12
12
12
12
12
12
12
12
12
12
12
12
12
12
12
12
12
12
12
12
12
12
12
12
12
12
12
12
12
12
12
12
12
12
12
12
12
12
12
12
12
12
12
12
12
12
12
12
12
12
12
12
12
12
12
12
12
12
12
12
12
12
12
12
12
12
12
12
12
12
12
12
12
12
12
12
12
12
12
12
12
12
12
12
12
12
12
12
12
12
12
12
12
12
12
12
12
12
12
12
12
12
12
12
12
12
12
12
12
12
12
12
12
12
12
12
12
12
12
12
12
12
12
12
12
12
12
12
12
12
12
12
12
12
12
12
12
12
12
12
12
12
12
12
12
12
12
12
12
12
12
12
12
12
12
12
12
12
12
12
12
12
12
12
12
12
12
12
12
12
12
12
12
12
12
12
12
12
12
12
12
12
12
12
12
12
12
12
12
12
12
12
12
12
12
12
12
12
12
12
12
12
12
12
12
12
12
12
12
12
12
12
12
12
12
12
12
12
12
12
12
12
12
12
12
12
12
12
12
12
12
12
12
12
12
12
12
12
12
12
12
12
12
12
12
12
12
12
12
12
12
12
12
12
12
12
12
12
12
12
12
12
12
12
12
12
12
12
12
12
12
12
12
12
12
12
12
12
12
12
12
12
12
12
12
12
12
12
12
12
12
12
12
12
12
12
12
12
12
12
12
12
12
12
12
12
12
12
12
12
12
12
12
12
12
12
12
12
12
12
12
12
12
12
12
12
12
12
12
12
12
12
12
12
12
12
12
12
12
12
12
12
12
12
12
12
12
12
12
12
12
12
12
12
12
12
12
12
12
12
12
12
12
12
12
12
12
12

POINT_DATA 1025
VECTORS displacement double
0  0  0
0  0  0
0  0  0
0  0  0
-0.087938     0.10715    -0.77525
-0.10715   -0.087938    -0.77525
0.087938    -0.10715    -0.77525
0.10715    0.087938    -0.77525
0  0  0
0  0  0
0  0  0
0  0  0
0  0  0
0  0  0
0  0  0
0  0  0
0  0  0
0  0  0
0  0  0
0  0  0
-0.092741     0.05838    -0.77687
-0.097545   0.0096074    -0.71547
-0.10235   -0.039165    -0.67502
-0.05838   -0.092741    -0.77687
-0.0096074   -0.097545    -0.71547
0.039165    -0.10235    -0.67502
0.092741    -0.05838    -0.77687
0.097545  -0.0096074    -0.71547
0.10235    0.039165    -0.67502
0.05838    0.092741    -0.77687
0.0096074    0.097545    -0.71547
-0.039165     0.10235    -0.67502
0.15323   -0.077845  -0.0034656
0.34221    -0.14562   -0.024103
0.54731    -0.15899    -0.04588
0.74778    -0.11247   -0.065545
0.92344  -0.0083621   -0.082909
1.058     0.14345   -0.099112
1.1398     0.32855    -0.11507
1.1617     0.52967    -0.13111
1.1218     0.72808    -0.14726
1.0239     0.90524    -0.16346
0.87699      1.0446    -0.17967
0.69488       1.133    -0.19587
0.49456      1.1623    -0.21207
0.29475      1.1297    -0.22827
0.11412      1.0383    -0.24447
-0.030456     0.89659    -0.26066
-0.12547     0.71782    -0.27686
-0.16205     0.51871    -0.29306
-0.13678     0.31785    -0.30926
-0.052006       0.134    -0.32545
0.084338   -0.015645    -0.34165
0.25952    -0.11712    -0.35785
0.45717    -0.16093    -0.37405
0.65882    -0.14299    -0.39024
0.84563   -0.064983    -0.40644
1.0001    0.065813    -0.42264
1.1079     0.23717    -0.43883
1.1589     0.43309    -0.45502
1.1483     0.63528    -0.47122
1.0771     0.82483    -0.48745
0.95202     0.98406    -0.50373
0.78475      1.0981    -0.52003
0.59119      1.1564    -0.53613
0.38966      1.1538    -0.55155
0.19882      1.0902    -0.56588
0.036026     0.96831    -0.58026
-0.08176     0.79126    -0.60068
-0.13749     0.56953    -0.63938
-0.12602      0.3323    -0.70055
0.077845     0.15323  -0.0034656
0.14562     0.34221   -0.024103
0.15899     0.54731    -0.04588
0.11247     0.74778   -0.065545
0.0083621     0.92344   -0.082909
-0.14345       1.058   -0.099112
-0.32855      1.1398    -0.11507
-0.52967      1.1617    -0.13111
-0.72808      1.1218    -0.14726
-0.90524      1.0239    -0.16346
-1.0446     0.87699    -0.17967
-1.133     0.69488    -0.19587
-1.1623     0.49456    -0.21207
-1.1297     0.29475    -0.22827
-1.0383     0.11412    -0.24447
-0.89659   -0.030456    -0.26066
-0.71782    -0.12547    -0.27686
-0.51871    -0.16205    -0.29306
-0.31785    -0.13678    -0.30926
-0.134   -0.052006    -0.32545
0.015645    0.084338    -0.34165
0.11712     0.25952    -0.35785
0.16093     0.45717    -0.37405
0.14299     0.65882    -0.39024
0.064983     0.84563    -0.40644
-0.065813      1.0001    -0.42264
-0.23717      1.1079    -0.43883
-0.43309      1.1589    -0.45502
-0.63528      1.1483    -0.47122
-0.82483      1.0771    -0.48745
-0.98406     0.95202    -0.50373
-1.0981     0.78475    -0.52003
-1.1564     0.59119    -0.53613
-1.1538     0.38966    -0.55155
-1.0902     0.19882    -0.56588
-0.96831    0.036026    -0.58026
-0.79126    -0.08176    -0.60068
-0.56953    -0.13749    -0.63938
-0.3323    -0.12602    -0.70055
-0.15323    0.077845  -0.0034656
-0.34221     0.14562   -0.024103
-0.54731     0.15899    -0.04588
-0.74778     0.11247   -0.065545
-0.92344   0.0083621   -0.082909
-1.058    -0.14345   -0.099112
-1.1398    -0.32855    -0.11507
-1.1617    -0.52967    -0.13111
-1.1218    -0.72808    -0.14726
-1.0239    -0.90524    -0.16346
-0.87699     -1.0446    -0.17967
-0.69488      -1.133    -0.19587
-0.49456     -1.1623    -0.21207
-0.29475     -1.1297    -0.22827
-0.11412     -1.0383    -0.24447
0.030456    -0.89659    -0.26066
0.12547    -0.71782    -0.27686
0.16205    -0.51871    -0.29306
0.13678    -0.31785    -0.30926
0.052006      -0.134    -0.32545
-0.084338    0.015645    -0.34165
-0.25952     0.11712    -0.35785
-0.45717     0.16093    -0.37405
-0.65882     0.14299    -0.39024
-0.84563    0.064983    -0.40644
-1.0001   -0.065813    -0.42264
-1.1079    -0.23717    -0.43883
-1.1589    -0.43309    -0.45502
-1.1483    -0.63528    -0.47122
-1.0771    -0.82483    -0.48745
-0.95202    -0.98406    -0.50373
-0.78475     -1.0981    -0.52003
-0.59119     -1.1564    -0.53613
-0.38966     -1.1538    -0.55155
-0.19882     -1.0902    -0.56588
-0.036026    -0.96831    -0.58026
0.08176    -0.79126    -0.60068
0.13749    -0.56953    -0.63938
0.12602     -0.3323    -0.70055
-0.077845    -0.15323  -0.0034656
-0.14562    -0.34221   -0.024103
-0.15899    -0.54731    -0.04588
-0.11247    -0.74778   -0.065545
-0.0083621    -0.92344   -0.082909
0.14345      -1.058   -0.099112
0.32855     -1.1398    -0.11507
0.52967     -1.1617    -0.13111
0.72808     -1.1218    -0.14726
0.90524     -1.0239    -0.16346
1.0446    -0.87699    -0.17967
1.133    -0.69488    -0.19587
1.1623    -0.49456    -0.21207
1.1297    -0.29475    -0.22827
1.0383    -0.11412    -0.24447
0.89659    0.030456    -0.26066
0.71782     0.12547    -0.27686
0.51871     0.16205    -0.29306
0.31785     0.13678    -0.30926
0.134    0.052006    -0.32545
-0.015645   -0.084338    -0.34165
-0.11712    -0.25952    -0.35785
-0.16093    -0.45717    -0.37405
-0.14299    -0.65882    -0.39024
-0.064983    -0.84563    -0.40644
0.065813     -1.0001    -0.42264
0.23717     -1.1079    -0.43883
0.43309     -1.1589    -0.45502
0.63528     -1.1483    -0.47122
0.82483     -1.0771    -0.48745
0.98406    -0.95202    -0.50373
1.0981    -0.78475    -0.52003
1.1564    -0.59119    -0.53613
1.1538    -0.38966    -0.55155
1.0902    -0.19882    -0.56588
0.96831   -0.036026    -0.58026
0.79126     0.08176    -0.60068
0.56953     0.13749    -0.63938
0.3323     0.12602    -0.70055
0  0  0
0  0  0
0  0  0
0  0  0
0  0  0
0  0  0
0  0  0
0  0  0
0  0  0
0.1344   -0.024817   -0.047127
0.29021   -0.024547   -0.074307
0.4485    0.015828   -0.095359
0.58807     0.10047    -0.11317
0.69438     0.22207    -0.12945
0.75808     0.36941    -0.14538
0.77394     0.52885     -0.1614
0.74079     0.68564    -0.17754
0.66179     0.82516    -0.19373
0.54433     0.93434    -0.20994
0.39937       1.003    -0.22615
0.24046      1.0246    -0.24235
0.082437     0.99719    -0.25854
-0.059925     0.92335    -0.27474
-0.17333     0.80996    -0.29094
-0.24718      0.6676    -0.30714
-0.27458     0.50959    -0.32333
-0.25297     0.35067    -0.33953
-0.18437     0.20572    -0.35573
-0.075183    0.088252    -0.37192
0.064386   0.0092579    -0.38812
0.2213   -0.023886    -0.40432
0.38089   -0.008083    -0.42052
0.52825     0.05519    -0.43671
0.64962     0.16002    -0.45291
0.73365     0.29662    -0.46911
0.77249     0.45221     -0.4853
0.76252     0.61227     -0.5015
0.70464     0.76185     -0.5177
0.60426     0.88695    -0.53392
0.47076      0.9759    -0.55016
0.31669      1.0205    -0.56637
0.15655      1.0167     -0.5824
0.0052952     0.96528    -0.59804
-0.123     0.87069    -0.61339
-0.2152     0.73929     -0.6299
-0.25714     0.57801    -0.65232
-0.23474     0.39907    -0.68818
-0.16213      0.2312    -0.72713
0.12507    0.029822  -0.0082424
0.24721    0.092046   -0.026945
0.35938     0.18934   -0.048632
0.43849     0.31487   -0.066904
0.47501     0.45711   -0.083167
0.46614      0.6028   -0.098979
0.41345     0.73869    -0.11493
0.3221      0.8523    -0.13105
0.20066     0.93309    -0.14726
0.060464     0.97345    -0.16347
-0.085386      0.9696    -0.17968
-0.22326     0.92187    -0.19588
-0.34026     0.83472    -0.21207
-0.42548      0.7163    -0.22827
-0.47094     0.57767    -0.24447
-0.4724     0.43178    -0.26066
-0.42973     0.29227    -0.27686
-0.3469     0.17216    -0.29306
-0.23167     0.08269    -0.30926
-0.094787    0.032204    -0.32545
0.050949    0.025424    -0.34165
0.19193    0.062985    -0.35785
0.31497     0.14138    -0.37405
0.40859     0.25327    -0.39024
0.46403     0.38822    -0.40644
0.47612     0.53361    -0.42264
0.44373     0.67586    -0.43883
0.36987     0.80168    -0.45502
0.26146     0.89931    -0.47121
0.12859     0.95962    -0.48742
-0.016329     0.97698    -0.50366
-0.15973     0.94979    -0.51999
-0.28816     0.88081    -0.53634
-0.38968     0.77685    -0.55237
-0.45487     0.64779    -0.56723
-0.47669     0.50478    -0.57985
-0.44924     0.35894    -0.59123
-0.36528     0.21815    -0.61312
-0.22756     0.10284    -0.65907
0.10409    0.098323    0.021478
0.19563     0.22338    0.016379
0.25608      0.3736 -0.00048613
0.27152     0.53556   -0.018708
0.23709     0.69338   -0.035968
0.15619     0.83215   -0.052409
0.037024     0.93937   -0.068546
-0.10899      1.0055   -0.084657
-0.2682      1.0244    -0.10081
-0.42573     0.99437      -0.117
-0.56686     0.91818     -0.1332
-0.67838     0.80293     -0.1494
-0.74988     0.65937     -0.1656
-0.77467     0.50093     -0.1818
-0.75044      0.3424      -0.198
-0.67946     0.19859    -0.21419
-0.56835    0.082943    -0.23039
-0.42749   0.0062624    -0.24659
-0.27006   -0.024288    -0.26279
-0.11075  -0.0058546    -0.27898
0.035553    0.059841    -0.29518
0.15517     0.16666    -0.31138
0.23694     0.30463    -0.32758
0.27321     0.46084    -0.34377
0.2606     0.62072    -0.35997
0.20028     0.76932    -0.37617
0.097892     0.89275    -0.39236
-0.036998     0.97949    -0.40856
-0.1918      1.0214    -0.42475
-0.35205      1.0146    -0.44095
-0.5028     0.95973    -0.45719
-0.62996     0.86192    -0.47348
-0.72168     0.73052    -0.48978
-0.76946     0.57812    -0.50583
-0.76876     0.41908     -0.5211
-0.71816     0.26766    -0.53519
-0.61693     0.13663    -0.54985
-0.4654    0.038494    -0.57202
-0.27471    -0.01758    -0.61863
0.024817      0.1344   -0.047127
0.024547     0.29021   -0.074307
-0.015828      0.4485   -0.095359
-0.10047     0.58807    -0.11317
-0.22207     0.69438    -0.12945
-0.36941     0.75808    -0.14538
-0.52885     0.77394     -0.1614
-0.68564     0.74079    -0.17754
-0.82516     0.66179    -0.19373
-0.93434     0.54433    -0.20994
-1.003     0.39937    -0.22615
-1.0246     0.24046    -0.24235
-0.99719    0.082437    -0.25854
-0.92335   -0.059925    -0.27474
-0.80996    -0.17333    -0.29094
-0.6676    -0.24718    -0.30714
-0.50959    -0.27458    -0.32333
-0.35067    -0.25297    -0.33953
-0.20572    -0.18437    -0.35573
-0.088252   -0.075183    -0.37192
-0.0092579    0.064386    -0.38812
0.023886      0.2213    -0.40432
0.008083     0.38089    -0.42052
-0.05519     0.52825    -0.43671
-0.16002     0.64962    -0.45291
-0.29662     0.73365    -0.46911
-0.45221     0.77249     -0.4853
-0.61227     0.76252     -0.5015
-0.76185     0.70464     -0.5177
-0.88695     0.60426    -0.53392
-0.9759     0.47076    -0.55016
-1.0205     0.31669    -0.56637
-1.0167     0.15655     -0.5824
-0.96528   0.0052952    -0.59804
-0.87069      -0.123    -0.61339
-0.73929     -0.2152     -0.6299
-0.57801    -0.25714    -0.65232
-0.39907    -0.23474    -0.68818
-0.2312    -0.16213    -0.72713
-0.029822     0.12507  -0.0082424
-0.092046     0.24721   -0.026945
-0.18934     0.35938   -0.048632
-0.31487     0.43849   -0.066904
-0.45711     0.47501   -0.083167
-0.6028     0.46614   -0.098979
-0.73869     0.41345    -0.11493
-0.8523      0.3221    -0.13105
-0.93309     0.20066    -0.14726
-0.97345    0.060464    -0.16347
-0.9696   -0.085386    -0.17968
-0.92187    -0.22326    -0.19588
-0.83472    -0.34026    -0.21207
-0.7163    -0.42548    -0.22827
-0.57767    -0.47094    -0.24447
-0.43178     -0.4724    -0.26066
-0.29227    -0.42973    -0.27686
-0.17216     -0.3469    -0.29306
-0.08269    -0.23167    -0.30926
-0.032204   -0.094787    -0.32545
-0.025424    0.050949    -0.34165
-0.062985     0.19193    -0.35785
-0.14138     0.31497    -0.37405
-0.25327     0.40859    -0.39024
-0.38822     0.46403    -0.40644
-0.53361     0.47612    -0.42264
-0.67586     0.44373    -0.43883
-0.80168     0.36987    -0.45502
-0.89931     0.26146    -0.47121
-0.95962     0.12859    -0.48742
-0.97698   -0.016329    -0.50366
-0.94979    -0.15973    -0.51999
-0.88081    -0.28816    -0.53634
-0.77685    -0.38968    -0.55237
-0.64779    -0.45487    -0.56723
-0.50478    -0.47669    -0.57985
-0.35894    -0.44924    -0.59123
-0.21815    -0.36528    -0.61312
-0.10284    -0.22756    -0.65907
-0.098323     0.10409    0.021478
-0.22338     0.19563    0.016379
-0.3736     0.25608 -0.00048613
-0.53556     0.27152   -0.018708
-0.69338     0.23709   -0.035968
-0.83215     0.15619   -0.052409
-0.93937    0.037024   -0.068546
-1.0055    -0.10899   -0.084657
-1.0244     -0.2682    -0.10081
-0.99437    -0.42573      -0.117
-0.91818    -0.56686     -0.1332
-0.80293    -0.67838     -0.1494
-0.65937    -0.74988     -0.1656
-0.50093    -0.77467     -0.1818
-0.3424    -0.75044      -0.198
-0.19859    -0.67946    -0.21419
-0.082943    -0.56835    -0.23039
-0.0062624    -0.42749    -0.24659
0.024288    -0.27006    -0.26279
0.0058546    -0.11075    -0.27898
-0.059841    0.035553    -0.29518
-0.16666     0.15517    -0.31138
-0.30463     0.23694    -0.32758
-0.46084     0.27321    -0.34377
-0.62072      0.2606    -0.35997
-0.76932     0.20028    -0.37617
-0.89275    0.097892    -0.39236
-0.97949   -0.036998    -0.40856
-1.0214     -0.1918    -0.42475
-1.0146    -0.35205    -0.44095
-0.95973     -0.5028    -0.45719
-0.86192    -0.62996    -0.47348
-0.73052    -0.72168    -0.48978
-0.57812    -0.76946    -0.50583
-0.41908    -0.76876     -0.5211
-0.26766    -0.71816    -0.53519
-0.13663    -0.61693    -0.54985
-0.038494     -0.4654    -0.57202
0.01758    -0.27471    -0.61863
-0.1344    0.024817   -0.047127
-0.29021    0.024547   -0.074307
-0.4485   -0.015828   -0.095359
-0.58807    -0.10047    -0.11317
-0.69438    -0.22207    -0.12945
-0.75808    -0.36941    -0.14538
-0.77394    -0.52885     -0.1614
-0.74079    -0.68564    -0.17754
-0.66179    -0.82516    -0.19373
-0.54433    -0.93434    -0.20994
-0.39937      -1.003    -0.22615
-0.24046     -1.0246    -0.24235
-0.082437    -0.99719    -0.25854
0.059925    -0.92335    -0.27474
0.17333    -0.80996    -0.29094
0.24718     -0.6676    -0.30714
0.27458    -0.50959    -0.32333
0.25297    -0.35067    -0.33953
0.18437    -0.20572    -0.35573
0.075183   -0.088252    -0.37192
-0.064386  -0.0092579    -0.38812
-0.2213    0.023886    -0.40432
-0.38089    0.008083    -0.42052
-0.52825    -0.05519    -0.43671
-0.64962    -0.16002    -0.45291
-0.73365    -0.29662    -0.46911
-0.77249    -0.45221     -0.4853
-0.76252    -0.61227     -0.5015
-0.70464    -0.76185     -0.5177
-0.60426    -0.88695    -0.53392
-0.47076     -0.9759    -0.55016
-0.31669     -1.0205    -0.56637
-0.15655     -1.0167     -0.5824
-0.0052952    -0.96528    -0.59804
0.123    -0.87069    -0.61339
0.2152    -0.73929     -0.6299
0.25714    -0.57801    -0.65232
0.23474    -0.39907    -0.68818
0.16213     -0.2312    -0.72713
-0.12507   -0.029822  -0.0082424
-0.24721   -0.092046   -0.026945
-0.35938    -0.18934   -0.048632
-0.43849    -0.31487   -0.066904
-0.47501    -0.45711   -0.083167
-0.46614     -0.6028   -0.098979
-0.41345    -0.73869    -0.11493
-0.3221     -0.8523    -0.13105
-0.20066    -0.93309    -0.14726
-0.060464    -0.97345    -0.16347
0.085386     -0.9696    -0.17968
0.22326    -0.92187    -0.19588
0.34026    -0.83472    -0.21207
0.42548     -0.7163    -0.22827
0.47094    -0.57767    -0.24447
0.4724    -0.43178    -0.26066
0.42973    -0.29227    -0.27686
0.3469    -0.17216    -0.29306
0.23167    -0.08269    -0.30926
0.094787   -0.032204    -0.32545
-0.050949   -0.025424    -0.34165
-0.19193   -0.062985    -0.35785
-0.31497    -0.14138    -0.37405
-0.40859    -0.25327    -0.39024
-0.46403    -0.38822    -0.40644
-0.47612    -0.53361    -0.42264
-0.44373    -0.67586    -0.43883
-0.36987    -0.80168    -0.45502
-0.26146    -0.89931    -0.47121
-0.12859    -0.95962    -0.48742
0.016329    -0.97698    -0.50366
0.15973    -0.94979    -0.51999
0.28816    -0.88081    -0.53634
0.38968    -0.77685    -0.55237
0.45487    -0.64779    -0.56723
0.47669    -0.50478    -0.57985
0.44924    -0.35894    -0.59123
0.36528    -0.21815    -0.61312
0.22756    -0.10284    -0.65907
-0.10409   -0.098323    0.021478
-0.19563    -0.22338    0.016379
-0.25608     -0.3736 -0.00048613
-0.27152    -0.53556   -0.018708
-0.23709    -0.69338   -0.035968
-0.15619    -0.83215   -0.052409
-0.037024    -0.93937   -0.068546
0.10899     -1.0055   -0.084657
0.2682     -1.0244    -0.10081
0.42573    -0.99437      -0.117
0.56686    -0.91818     -0.1332
0.67838    -0.80293     -0.1494
0.74988    -0.65937     -0.1656
0.77467    -0.50093     -0.1818
0.75044     -0.3424      -0.198
0.67946    -0.19859    -0.21419
0.56835   -0.082943    -0.23039
0.42749  -0.0062624    -0.24659
0.27006    0.024288    -0.26279
0.11075   0.0058546    -0.27898
-0.035553   -0.059841    -0.29518
-0.15517    -0.16666    -0.31138
-0.23694    -0.30463    -0.32758
-0.27321    -0.46084    -0.34377
-0.2606    -0.62072    -0.35997
-0.20028    -0.76932    -0.37617
-0.097892    -0.89275    -0.39236
0.036998    -0.97949    -0.40856
0.1918     -1.0214    -0.42475
0.35205     -1.0146    -0.44095
0.5028    -0.95973    -0.45719
0.62996    -0.86192    -0.47348
0.72168    -0.73052    -0.48978
0.76946    -0.57812    -0.50583
0.76876    -0.41908     -0.5211
0.71816    -0.26766    -0.53519
0.61693    -0.13663    -0.54985
0.4654   -0.038494    -0.57202
0.27471     0.01758    -0.61863
-0.024817     -0.1344   -0.047127
-0.024547    -0.29021   -0.074307
0.015828     -0.4485   -0.095359
0.10047    -0.58807    -0.11317
0.22207    -0.69438    -0.12945
0.36941    -0.75808    -0.14538
0.52885    -0.77394     -0.1614
0.68564    -0.74079    -0.17754
0.82516    -0.66179    -0.19373
0.93434    -0.54433    -0.20994
1.003    -0.39937    -0.22615
1.0246    -0.24046    -0.24235
0.99719   -0.082437    -0.25854
0.92335    0.059925    -0.27474
0.80996     0.17333    -0.29094
0.6676     0.24718    -0.30714
0.50959     0.27458    -0.32333
0.35067     0.25297    -0.33953
0.20572     0.18437    -0.35573
0.088252    0.075183    -0.37192
0.0092579   -0.064386    -0.38812
-0.023886     -0.2213    -0.40432
-0.008083    -0.38089    -0.42052
0.05519    -0.52825    -0.43671
0.16002    -0.64962    -0.45291
0.29662    -0.73365    -0.46911
0.45221    -0.77249     -0.4853
0.61227    -0.76252     -0.5015
0.76185    -0.70464     -0.5177
0.88695    -0.60426    -0.53392
0.9759    -0.47076    -0.55016
1.0205    -0.31669    -0.56637
1.0167    -0.15655     -0.5824
0.96528  -0.0052952    -0.59804
0.87069       0.123    -0.61339
0.73929      0.2152     -0.6299
0.57801     0.25714    -0.65232
0.39907     0.23474    -0.68818
0.2312     0.16213    -0.72713
0.029822    -0.12507  -0.0082424
0.092046    -0.24721   -0.026945
0.18934    -0.35938   -0.048632
0.31487    -0.43849   -0.066904
0.45711    -0.47501   -0.083167
0.6028    -0.46614   -0.098979
0.73869    -0.41345    -0.11493
0.8523     -0.3221    -0.13105
0.93309    -0.20066    -0.14726
0.97345   -0.060464    -0.16347
0.9696    0.085386    -0.17968
0.92187     0.22326    -0.19588
0.83472     0.34026    -0.21207
0.7163     0.42548    -0.22827
0.57767     0.47094    -0.24447
0.43178      0.4724    -0.26066
0.29227     0.42973    -0.27686
0.17216      0.3469    -0.29306
0.08269     0.23167    -0.30926
0.032204    0.094787    -0.32545
0.025424   -0.050949    -0.34165
0.062985    -0.19193    -0.35785
0.14138    -0.31497    -0.37405
0.25327    -0.40859    -0.39024
0.38822    -0.46403    -0.40644
0.53361    -0.47612    -0.42264
0.67586    -0.44373    -0.43883
0.80168    -0.36987    -0.45502
0.89931    -0.26146    -0.47121
0.95962    -0.12859    -0.48742
0.97698    0.016329    -0.50366
0.94979     0.15973    -0.51999
0.88081     0.28816    -0.53634
0.77685     0.38968    -0.55237
0.64779     0.45487    -0.56723
0.50478     0.47669    -0.57985
0.35894     0.44924    -0.59123
0.21815     0.36528    -0.61312
0.10284     0.22756    -0.65907
0.098323    -0.10409    0.021478
0.22338    -0.19563    0.016379
0.3736    -0.25608 -0.00048613
0.53556    -0.27152   -0.018708
0.69338    -0.23709   -0.035968
0.83215    -0.15619   -0.052409
0.93937   -0.037024   -0.068546
1.0055     0.10899   -0.084657
1.0244      0.2682    -0.10081
0.99437     0.42573      -0.117
0.91818     0.56686     -0.1332
0.80293     0.67838     -0.1494
0.65937     0.74988     -0.1656
0.50093     0.77467     -0.1818
0.3424     0.75044      -0.198
0.19859     0.67946    -0.21419
0.082943     0.56835    -0.23039
0.0062624     0.42749    -0.24659
-0.024288     0.27006    -0.26279
-0.0058546     0.11075    -0.27898
0.059841   -0.035553    -0.29518
0.16666    -0.15517    -0.31138
0.30463    -0.23694    -0.32758
0.46084    -0.27321    -0.34377
0.62072     -0.2606    -0.35997
0.76932    -0.20028    -0.37617
0.89275   -0.097892    -0.39236
0.97949    0.036998    -0.40856
1.0214      0.1918    -0.42475
1.0146     0.35205    -0.44095
0.95973      0.5028    -0.45719
0.86192     0.62996    -0.47348
0.73052     0.72168    -0.48978
0.57812     0.76946    -0.50583
0.41908     0.76876     -0.5211
0.26766     0.71816    -0.53519
0.13663     0.61693    -0.54985
0.038494      0.4654    -0.57202
-0.01758     0.27471    -0.61863
-0.043969    0.053576    -0.65731
0.0048037    0.048773    -0.62089
0.053576    0.043969    -0.65731
-0.048773   0.0048037    -0.62089
7.2672e-26  7.3785e-25    -0.57635
0.048773  -0.0048037    -0.62089
-0.053576   -0.043969    -0.65731
-0.0048037   -0.048773    -0.62089
0.043969   -0.053576    -0.65731
0.07337   -0.040416   -0.019885
0.1705   -0.072634   -0.035185
0.27457   -0.079278   -0.050597
0.37501   -0.056389   -0.066365
0.46271  -0.0046914   -0.082412
0.53005    0.071153   -0.098622
0.57104     0.16393    -0.11486
0.58202     0.26485    -0.13108
0.56199     0.36442    -0.14729
0.51284     0.45331    -0.16348
0.43914     0.52321    -0.17968
0.34777     0.56758    -0.19588
0.24727     0.58228    -0.21207
0.14703     0.56593    -0.22827
0.056402     0.52007    -0.24447
-0.016134     0.44897    -0.26066
-0.063805     0.35928    -0.27686
-0.082157     0.25939    -0.29306
-0.069476     0.15861    -0.30926
-0.026946    0.066377    -0.32545
0.041459   -0.008703    -0.34165
0.12935   -0.059612    -0.35785
0.22851   -0.081594    -0.37405
0.32968   -0.072595    -0.39024
0.4234   -0.033456    -0.40644
0.50093    0.032165    -0.42264
0.55501     0.11814    -0.43884
0.58059     0.21643    -0.45503
0.57527     0.31786    -0.47123
0.53956     0.41295    -0.48742
0.47677     0.49283    -0.50361
0.3928     0.55008    -0.51979
0.29553     0.57945      -0.536
0.19418     0.57829    -0.55233
0.098582      0.5466    -0.56889
0.018754     0.48657    -0.58564
-0.035797     0.40249    -0.60158
-0.060589     0.29797     -0.6158
-0.057033     0.16995    -0.63351
0.013845   -0.060291   -0.022554
0.049587    -0.12247   -0.038777
0.097834    -0.17736   -0.052449
0.15899    -0.21653   -0.066799
0.22885    -0.23488   -0.082343
0.30083    -0.23064   -0.098497
0.36806    -0.20457     -0.1148
0.42427    -0.15935    -0.13107
0.46422   -0.099256    -0.14729
0.48418   -0.029905    -0.16349
0.48228    0.042236    -0.17968
0.45867     0.11043    -0.19588
0.41556     0.16831    -0.21207
0.35699     0.21046    -0.22827
0.28842     0.23294    -0.24447
0.21626     0.23367    -0.26066
0.14725     0.21256    -0.27686
0.087842     0.17159    -0.29306
0.043585     0.11459    -0.30926
0.018613    0.046885    -0.32545
0.01526   -0.025201    -0.34165
0.033838   -0.094933    -0.35785
0.072613    -0.15579    -0.37405
0.12796     -0.2021    -0.39024
0.19471    -0.22952    -0.40644
0.26663     -0.2355    -0.42264
0.33699    -0.21948    -0.43884
0.39922    -0.18295    -0.45504
0.44751    -0.12932    -0.47123
0.47733   -0.063607    -0.48741
0.4859   0.0080609    -0.50357
0.47247     0.07899    -0.51973
0.43839     0.14261    -0.53599
0.38697      0.1931    -0.55257
0.323     0.22568    -0.56964
0.25231     0.23633    -0.58647
0.18221       0.221    -0.60024
0.12135     0.17865    -0.60644
0.06277     0.11745    -0.60813
-0.040416    -0.07337   -0.019885
-0.072634     -0.1705   -0.035185
-0.079278    -0.27457   -0.050597
-0.056389    -0.37501   -0.066365
-0.0046914    -0.46271   -0.082412
0.071153    -0.53005   -0.098622
0.16393    -0.57104    -0.11486
0.26485    -0.58202    -0.13108
0.36442    -0.56199    -0.14729
0.45331    -0.51284    -0.16348
0.52321    -0.43914    -0.17968
0.56758    -0.34777    -0.19588
0.58228    -0.24727    -0.21207
0.56593    -0.14703    -0.22827
0.52007   -0.056402    -0.24447
0.44897    0.016134    -0.26066
0.35928    0.063805    -0.27686
0.25939    0.082157    -0.29306
0.15861    0.069476    -0.30926
0.066377    0.026946    -0.32545
-0.008703   -0.041459    -0.34165
-0.059612    -0.12935    -0.35785
-0.081594    -0.22851    -0.37405
-0.072595    -0.32968    -0.39024
-0.033456     -0.4234    -0.40644
0.032165    -0.50093    -0.42264
0.11814    -0.55501    -0.43884
0.21643    -0.58059    -0.45503
0.31786    -0.57527    -0.47123
0.41295    -0.53956    -0.48742
0.49283    -0.47677    -0.50361
0.55008     -0.3928    -0.51979
0.57945    -0.29553      -0.536
0.57829    -0.19418    -0.55233
0.5466   -0.098582    -0.56889
0.48657   -0.018754    -0.58564
0.40249    0.035797    -0.60158
0.29797    0.060589     -0.6158
0.16995    0.057033    -0.63351
0.060291    0.013845   -0.022554
0.12247    0.049587   -0.038777
0.17736    0.097834   -0.052449
0.21653     0.15899   -0.066799
0.23488     0.22885   -0.082343
0.23064     0.30083   -0.098497
0.20457     0.36806     -0.1148
0.15935     0.42427    -0.13107
0.099256     0.46422    -0.14729
0.029905     0.48418    -0.16349
-0.042236     0.48228    -0.17968
-0.11043     0.45867    -0.19588
-0.16831     0.41556    -0.21207
-0.21046     0.35699    -0.22827
-0.23294     0.28842    -0.24447
-0.23367     0.21626    -0.26066
-0.21256     0.14725    -0.27686
-0.17159    0.087842    -0.29306
-0.11459    0.043585    -0.30926
-0.046885    0.018613    -0.32545
0.025201     0.01526    -0.34165
0.094933    0.033838    -0.35785
0.15579    0.072613    -0.37405
0.2021     0.12796    -0.39024
0.22952     0.19471    -0.40644
0.2355     0.26663    -0.42264
0.21948     0.33699    -0.43884
0.18295     0.39922    -0.45504
0.12932     0.44751    -0.47123
0.063607     0.47733    -0.48741
-0.0080609      0.4859    -0.50357
-0.07899     0.47247    -0.51973
-0.14261     0.43839    -0.53599
-0.1931     0.38697    -0.55257
-0.22568       0.323    -0.56964
-0.23633     0.25231    -0.58647
-0.221     0.18221    -0.60024
-0.17865     0.12135    -0.60644
-0.11745     0.06277    -0.60813
-1.7815e-16  5.4133e-17   -0.028753
-2.0178e-16  3.4779e-16   -0.044737
-1.3386e-16  9.1815e-16   -0.054742
-1.5659e-16  1.7806e-15   -0.066985
-2.808e-16  2.7324e-15   -0.081988
-6.4076e-16   3.769e-15   -0.098249
-1.1115e-15   4.854e-15    -0.11472
-1.7694e-15   5.882e-15    -0.13107
-2.6822e-15  6.8119e-15    -0.14731
-3.7033e-15  7.4688e-15     -0.1635
-4.7945e-15  7.8384e-15    -0.17969
-5.8935e-15  8.0126e-15    -0.19588
-6.8903e-15  7.9487e-15    -0.21207
-7.728e-15  7.6866e-15    -0.22827
-8.3677e-15  7.2147e-15    -0.24447
-8.7518e-15   6.562e-15    -0.26066
-8.7502e-15  5.7495e-15    -0.27686
-8.3492e-15  5.2087e-15    -0.29306
-7.8668e-15    4.63e-15    -0.30926
-7.2444e-15  4.4073e-15    -0.32545
-6.3719e-15  4.1826e-15    -0.34165
-5.41e-15  4.1321e-15    -0.35785
-4.6825e-15  4.6945e-15    -0.37405
-4.2367e-15  5.3104e-15    -0.39024
-3.6229e-15   5.759e-15    -0.40644
-3.0602e-15  6.4106e-15    -0.42264
-3.2387e-15  6.9632e-15    -0.43884
-3.6625e-15  7.2055e-15    -0.45504
-3.7686e-15  7.6424e-15    -0.47124
-4.0995e-15  7.8287e-15    -0.48741
-4.4156e-15  7.7933e-15    -0.50352
-4.6634e-15  7.3476e-15    -0.51959
-4.7354e-15   6.219e-15    -0.53584
-5.0199e-15  5.2871e-15    -0.55275
-4.7357e-15  4.0774e-15    -0.57094
-4.2135e-15  2.9236e-15    -0.58982
-3.577e-15  1.3534e-15     -0.6042
-2.6224e-15  5.8564e-16     -0.6034
-1.0346e-15 -4.4829e-16     -0.5876
-0.060291   -0.013845   -0.022554
-0.12247   -0.049587   -0.038777
-0.17736   -0.097834   -0.052449
-0.21653    -0.15899   -0.066799
-0.23488    -0.22885   -0.082343
-0.23064    -0.30083   -0.098497
-0.20457    -0.36806     -0.1148
-0.15935    -0.42427    -0.13107
-0.099256    -0.46422    -0.14729
-0.029905    -0.48418    -0.16349
0.042236    -0.48228    -0.17968
0.11043    -0.45867    -0.19588
0.16831    -0.41556    -0.21207
0.21046    -0.35699    -0.22827
0.23294    -0.28842    -0.24447
0.23367    -0.21626    -0.26066
0.21256    -0.14725    -0.27686
0.17159   -0.087842    -0.29306
0.11459   -0.043585    -0.30926
0.046885   -0.018613    -0.32545
-0.025201    -0.01526    -0.34165
-0.094933   -0.033838    -0.35785
-0.15579   -0.072613    -0.37405
-0.2021    -0.12796    -0.39024
-0.22952    -0.19471    -0.40644
-0.2355    -0.26663    -0.42264
-0.21948    -0.33699    -0.43884
-0.18295    -0.39922    -0.45504
-0.12932    -0.44751    -0.47123
-0.063607    -0.47733    -0.48741
0.0080609     -0.4859    -0.50357
0.07899    -0.47247    -0.51973
0.14261    -0.43839    -0.53599
0.1931    -0.38697    -0.55257
0.22568      -0.323    -0.56964
0.23633    -0.25231    -0.58647
0.221    -0.18221    -0.60024
0.17865    -0.12135    -0.60644
0.11745    -0.06277    -0.60813
0.040416     0.07337   -0.019885
0.072634      0.1705   -0.035185
0.079278     0.27457   -0.050597
0.056389     0.37501   -0.066365
0.0046914     0.46271   -0.082412
-0.071153     0.53005   -0.098622
-0.16393     0.57104    -0.11486
-0.26485     0.58202    -0.13108
-0.36442     0.56199    -0.14729
-0.45331     0.51284    -0.16348
-0.52321     0.43914    -0.17968
-0.56758     0.34777    -0.19588
-0.58228     0.24727    -0.21207
-0.56593     0.14703    -0.22827
-0.52007    0.056402    -0.24447
-0.44897   -0.016134    -0.26066
-0.35928   -0.063805    -0.27686
-0.25939   -0.082157    -0.29306
-0.15861   -0.069476    -0.30926
-0.066377   -0.026946    -0.32545
0.008703    0.041459    -0.34165
0.059612     0.12935    -0.35785
0.081594     0.22851    -0.37405
0.072595     0.32968    -0.39024
0.033456      0.4234    -0.40644
-0.032165     0.50093    -0.42264
-0.11814     0.55501    -0.43884
-0.21643     0.58059    -0.45503
-0.31786     0.57527    -0.47123
-0.41295     0.53956    -0.48742
-0.49283     0.47677    -0.50361
-0.55008      0.3928    -0.51979
-0.57945     0.29553      -0.536
-0.57829     0.19418    -0.55233
-0.5466    0.098582    -0.56889
-0.48657    0.018754    -0.58564
-0.40249   -0.035797    -0.60158
-0.29797   -0.060589     -0.6158
-0.16995   -0.057033    -0.63351
-0.013845    0.060291   -0.022554
-0.049587     0.12247   -0.038777
-0.097834     0.17736   -0.052449
-0.15899     0.21653   -0.066799
-0.22885     0.23488   -0.082343
-0.30083     0.23064   -0.098497
-0.36806     0.20457     -0.1148
-0.42427     0.15935    -0.13107
-0.46422    0.099256    -0.14729
-0.48418    0.029905    -0.16349
-0.48228   -0.042236    -0.17968
-0.45867    -0.11043    -0.19588
-0.41556    -0.16831    -0.21207
-0.35699    -0.21046    -0.22827
-0.28842    -0.23294    -0.24447
-0.21626    -0.23367    -0.26066
-0.14725    -0.21256    -0.27686
-0.087842    -0.17159    -0.29306
-0.043585    -0.11459    -0.30926
-0.018613   -0.046885    -0.32545
-0.01526    0.025201    -0.34165
-0.033838    0.094933    -0.35785
-0.072613     0.15579    -0.37405
-0.12796      0.2021    -0.39024
-0.19471     0.22952    -0.40644
-0.26663      0.2355    -0.42264
-0.33699     0.21948    -0.43884
-0.39922     0.18295    -0.45504
-0.44751     0.12932    -0.47123
-0.47733    0.063607    -0.48741
-0.4859  -0.0080609    -0.50357
-0.47247    -0.07899    -0.51973
-0.43839    -0.14261    -0.53599
-0.38697     -0.1931    -0.55257
-0.323    -0.22568    -0.56964
-0.25231    -0.23633    -0.58647
-0.18221      -0.221    -0.60024
-0.12135    -0.17865    -0.60644
-0.06277    -0.11745    -0.60813
-0.07337    0.040416   -0.019885
-0.1705    0.072634   -0.035185
-0.27457    0.079278   -0.050597
-0.37501    0.056389   -0.066365
-0.46271   0.0046914   -0.082412
-0.53005   -0.071153   -0.098622
-0.57104    -0.16393    -0.11486
-0.58202    -0.26485    -0.13108
-0.56199    -0.36442    -0.14729
-0.51284    -0.45331    -0.16348
-0.43914    -0.52321    -0.17968
-0.34777    -0.56758    -0.19588
-0.24727    -0.58228    -0.21207
-0.14703    -0.56593    -0.22827
-0.056402    -0.52007    -0.24447
0.016134    -0.44897    -0.26066
0.063805    -0.35928    -0.27686
0.082157    -0.25939    -0.29306
0.069476    -0.15861    -0.30926
0.026946   -0.066377    -0.32545
-0.041459    0.008703    -0.34165
-0.12935    0.059612    -0.35785
-0.22851    0.081594    -0.37405
-0.32968    0.072595    -0.39024
-0.4234    0.033456    -0.40644
-0.50093   -0.032165    -0.42264
-0.55501    -0.11814    -0.43884
-0.58059    -0.21643    -0.45503
-0.57527    -0.31786    -0.47123
-0.53956    -0.41295    -0.48742
-0.47677    -0.49283    -0.50361
-0.3928    -0.55008    -0.51979
-0.29553    -0.57945      -0.536
-0.19418    -0.57829    -0.55233
-0.098582     -0.5466    -0.56889
-0.018754    -0.48657    -0.58564
0.035797    -0.40249    -0.60158
0.060589    -0.29797     -0.6158
0.057033    -0.16995    -0.63351
